
    
    Evaluation | 2020-04-25 09:50
    Configuration:  pso_default_10.json
                    
                    pso | #1000 | inertia=1.00 | n particles=100 | c1=0.5 | c2=0.4

=================================================================================
    
        weight value  squality                                           genotype
0      795   647  0.648947  [0, 1, 0, 0, 0, 0, 0, 0, 0, 0, 0, 1, 0, 0, 1, ...
1      817   672  0.674022  [0, 0, 0, 0, 1, 0, 1, 1, 1, 0, 1, 0, 0, 0, 0, ...
2      797   703  0.705115  [0, 0, 0, 0, 0, 0, 1, 0, 0, 0, 1, 1, 0, 0, 1, ...
3      797   441  0.442327  [0, 0, 0, 0, 0, 0, 1, 0, 0, 0, 1, 1, 0, 0, 1, ...
4      820   727  0.729188  [0, 1, 0, 0, 0, 0, 1, 0, 0, 0, 1, 0, 0, 0, 1, ...
..     ...   ...       ...                                                ...
995    815   591  0.592778  [0, 0, 0, 0, 0, 0, 0, 1, 0, 0, 1, 1, 0, 0, 1, ...
996    822   433  0.434303  [0, 0, 0, 0, 0, 0, 0, 1, 0, 0, 1, 1, 0, 0, 1, ...
997    822   949  0.951856  [0, 0, 0, 0, 0, 0, 0, 1, 0, 0, 1, 1, 0, 0, 1, ...
998    822   949  0.951856  [0, 0, 0, 0, 0, 0, 0, 1, 0, 0, 1, 1, 0, 0, 1, ...
999    798   421  0.422267  [0, 0, 0, 0, 0, 0, 0, 1, 0, 0, 1, 1, 0, 0, 1, ...

[1000 rows x 4 columns]
    
---------------------------------------------------------------------------------
    
    [Statistics]
    
    Runtime             837518.5147 ms
    
    Convergence  
           
         weight value  squality
250     791   862  0.864594
500     822   949  0.951856
750     822   949  0.951856
1000    798   421  0.422267
    
    Plateau
    
    Longest sequence, 94-999 with improvement less average 3%
    
    Best Run
    
            index:      169 
            weight:     822
            value:      949 
            squality:   0.9518555667001003
            genotype:   0000000100...    
    
=================================================================================

    