
    
    Evaluation | 2020-04-23 12:05
    Configuration:  sa_default_14.json
                    
                    sa | #21289 | Initial Temp:2500 | Cooling Rate:0.8

=================================================================================
    
          weight value  squality                                           genotype
0        808   512  0.524053  [0, 0, 0, 0, 0, 1, 1, 0, 0, 0, 0, 0, 0, 0, 0, ...
1        794   433  0.443193  [1, 1, 0, 0, 0, 0, 0, 0, 1, 0, 0, 1, 0, 0, 0, ...
2        801   587  0.600819  [0, 0, 0, 0, 0, 0, 0, 1, 0, 0, 1, 0, 0, 1, 1, ...
3        814   580  0.593654  [1, 0, 1, 0, 0, 0, 0, 0, 0, 0, 0, 0, 0, 0, 0, ...
4        810   525  0.537359  [0, 0, 0, 1, 0, 0, 0, 0, 0, 0, 0, 0, 0, 0, 0, ...
...      ...   ...       ...                                                ...
21284    806   527  0.539406  [0, 0, 0, 0, 0, 1, 0, 0, 0, 0, 0, 0, 1, 0, 0, ...
21285    785   493  0.504606  [0, 0, 1, 1, 0, 0, 0, 0, 0, 0, 0, 0, 0, 0, 0, ...
21286    799   662  0.677584  [0, 0, 0, 0, 0, 0, 0, 0, 0, 0, 0, 0, 0, 0, 1, ...
21287    812   538  0.550665  [0, 1, 0, 0, 1, 0, 0, 1, 0, 0, 0, 0, 0, 0, 0, ...
21288    801   527  0.539406  [0, 0, 0, 0, 0, 0, 1, 0, 1, 0, 0, 0, 0, 1, 0, ...

[21289 rows x 4 columns]
    
---------------------------------------------------------------------------------
    
    [Statistics]
    
    Runtime             363716.4977 ms
    
    Convergence  
           
          weight value  squality
5322     815   523  0.535312
10644    811   522  0.534289
15966    804   472  0.483112
21289    801   527  0.539406
    
    Plateau
    
    Longest sequence, 3936-21288 with improvement less average 3%
    
    Best Run
    
            index:      3936 
            weight:     814
            value:      765 
            squality:   0.7830092118730808
            genotype:   1000000000...    
    
=================================================================================

    