
    
    Evaluation | 2020-04-23 12:45
    Configuration:  sa_default_22.json
                    
                    sa | #17659 | Initial Temp:100 | Cooling Rate:0.6

=================================================================================
    
          weight value  squality                                           genotype
0        817   541  0.553736  [1, 0, 0, 0, 0, 0, 0, 0, 0, 0, 0, 0, 0, 1, 0, ...
1        821   494  0.505629  [0, 0, 1, 0, 0, 1, 0, 1, 1, 0, 0, 0, 1, 0, 0, ...
2        813   517  0.529171  [0, 0, 1, 1, 0, 0, 0, 0, 0, 1, 0, 1, 0, 1, 1, ...
3        806   416  0.425793  [0, 0, 0, 1, 0, 1, 0, 0, 0, 0, 0, 1, 0, 1, 0, ...
4        797   549  0.561924  [1, 0, 1, 0, 0, 0, 0, 0, 0, 0, 0, 1, 1, 0, 0, ...
...      ...   ...       ...                                                ...
17654    821   498  0.509724  [0, 0, 0, 0, 0, 1, 0, 0, 0, 0, 0, 0, 0, 1, 0, ...
17655    817   479  0.490276  [1, 0, 1, 0, 0, 0, 0, 1, 0, 0, 0, 0, 0, 1, 0, ...
17656    797   537  0.549642  [0, 0, 0, 1, 0, 0, 0, 0, 0, 0, 0, 0, 0, 0, 0, ...
17657    802   439  0.449335  [0, 0, 0, 0, 1, 0, 0, 0, 1, 0, 0, 1, 0, 0, 0, ...
17658    817   487  0.498465  [0, 0, 0, 0, 0, 0, 0, 0, 0, 0, 0, 0, 0, 1, 0, ...

[17659 rows x 4 columns]
    
---------------------------------------------------------------------------------
    
    [Statistics]
    
    Runtime             298766.4016 ms
    
    Convergence  
           
          weight value  squality
4414     788   579  0.592631
8829     784   561  0.574207
13244    821   486  0.497441
17659    817   487  0.498465
    
    Plateau
    
    Longest sequence, 824-17658 with improvement less average 3%
    
    Best Run
    
            index:      8825 
            weight:     791
            value:      729 
            squality:   0.7461617195496417
            genotype:   0000100000...    
    
=================================================================================

    