
    
    Evaluation | 2020-04-23 15:01
    Configuration:  sa_default_11.json
                    
                    sa | #34065 | Initial Temp:2500 | Cooling Rate:0.5

=================================================================================
    
          weight value  squality                                           genotype
0        814   552  0.564995  [0, 0, 0, 1, 0, 0, 0, 0, 0, 0, 0, 1, 0, 1, 0, ...
1        812   484  0.495394  [0, 0, 0, 0, 0, 0, 1, 0, 0, 0, 0, 0, 0, 0, 0, ...
2        784   517  0.529171  [0, 1, 0, 0, 1, 0, 0, 0, 0, 1, 0, 0, 0, 0, 1, ...
3        803   527  0.539406  [0, 0, 1, 0, 1, 0, 0, 0, 0, 1, 0, 0, 0, 0, 0, ...
4        815   467  0.477994  [0, 0, 0, 1, 0, 0, 0, 0, 0, 0, 0, 1, 0, 0, 0, ...
...      ...   ...       ...                                                ...
34060    808   498  0.509724  [0, 0, 0, 0, 0, 0, 0, 0, 0, 1, 0, 0, 0, 1, 0, ...
34061    805   453  0.463664  [0, 0, 0, 0, 1, 0, 0, 0, 0, 0, 0, 1, 0, 0, 0, ...
34062    816   494  0.505629  [0, 1, 0, 0, 0, 1, 0, 0, 0, 0, 1, 1, 0, 0, 0, ...
34063    800   464  0.474923  [0, 0, 0, 0, 0, 0, 1, 0, 1, 0, 0, 0, 0, 0, 0, ...
34064    822   529  0.541453  [0, 0, 0, 0, 0, 0, 0, 1, 0, 0, 0, 0, 0, 0, 0, ...

[34065 rows x 4 columns]
    
---------------------------------------------------------------------------------
    
    [Statistics]
    
    Runtime             672825.1563 ms
    
    Convergence  
           
          weight value  squality
8516     815   544  0.556807
17032    795   489  0.500512
25548    799   526  0.538383
34065    822   529  0.541453
    
    Plateau
    
    Longest sequence, 1260-22963 with improvement less average 3%
    
    Best Run
    
            index:      32625 
            weight:     814
            value:      776 
            squality:   0.7942681678607983
            genotype:   0000001010...    
    
=================================================================================

    