
    
    Evaluation | 2020-04-23 13:08
    Configuration:  sa_default_15.json
                    
                    sa | #18923 | Initial Temp:2500 | Cooling Rate:0.9

=================================================================================
    
          weight value  squality                                           genotype
0        818   598  0.612078  [0, 0, 0, 1, 0, 0, 0, 0, 0, 1, 0, 1, 1, 0, 0, ...
1        809   588  0.601842  [0, 0, 0, 0, 0, 0, 0, 1, 0, 1, 0, 0, 0, 0, 0, ...
2        781   525  0.537359  [0, 0, 0, 1, 0, 0, 1, 0, 0, 0, 1, 0, 1, 0, 0, ...
3        811   487  0.498465  [0, 0, 0, 0, 0, 1, 0, 0, 0, 0, 0, 0, 1, 0, 0, ...
4        781   545  0.557830  [1, 0, 0, 0, 0, 0, 1, 0, 0, 0, 0, 0, 0, 1, 0, ...
...      ...   ...       ...                                                ...
18918    822   488  0.499488  [0, 0, 1, 0, 0, 0, 1, 0, 0, 0, 0, 0, 0, 0, 0, ...
18919    803   581  0.594678  [0, 0, 0, 1, 0, 0, 0, 0, 0, 0, 1, 0, 0, 0, 1, ...
18920    809   544  0.556807  [0, 0, 0, 0, 1, 1, 0, 0, 1, 0, 0, 0, 0, 0, 1, ...
18921    807   480  0.491300  [0, 0, 0, 0, 0, 0, 0, 0, 0, 0, 1, 0, 0, 0, 0, ...
18922    812   504  0.515865  [0, 0, 0, 0, 1, 1, 1, 1, 0, 0, 0, 0, 0, 0, 0, ...

[18923 rows x 4 columns]
    
---------------------------------------------------------------------------------
    
    [Statistics]
    
    Runtime             381180.0994 ms
    
    Convergence  
           
          weight value  squality
4730     774   607  0.621290
9461     820   475  0.486182
14192    818   457  0.467758
18923    812   504  0.515865
    
    Plateau
    
    Longest sequence, 23-11479 with improvement less average 3%
    
    Best Run
    
            index:      18064 
            weight:     791
            value:      720 
            squality:   0.736949846468782
            genotype:   0010000001...    
    
=================================================================================

    