
    
    Evaluation | 2020-04-23 10:47
    Configuration:  sa_default_24.json
                    
                    sa | #13244 | Initial Temp:100 | Cooling Rate:0.8

=================================================================================
    
          weight value  squality                                           genotype
0        811   460  0.470829  [0, 0, 1, 0, 0, 0, 0, 0, 1, 0, 0, 0, 0, 0, 0, ...
1        812   556  0.569089  [0, 1, 0, 0, 0, 0, 1, 0, 0, 0, 0, 0, 0, 0, 1, ...
2        822   446  0.456499  [0, 0, 0, 0, 0, 0, 0, 0, 0, 0, 0, 0, 1, 0, 0, ...
3        802   512  0.524053  [0, 1, 1, 0, 0, 0, 0, 0, 0, 1, 0, 0, 0, 0, 0, ...
4        810   499  0.510747  [0, 1, 0, 0, 0, 0, 0, 0, 1, 0, 0, 0, 0, 0, 0, ...
...      ...   ...       ...                                                ...
13239    817   454  0.464688  [0, 0, 0, 1, 0, 0, 1, 0, 0, 0, 0, 0, 0, 0, 0, ...
13240    811   462  0.472876  [1, 0, 0, 1, 1, 0, 0, 0, 0, 0, 1, 1, 0, 0, 1, ...
13241    794   456  0.466735  [0, 1, 1, 0, 1, 0, 0, 0, 0, 0, 0, 0, 0, 0, 0, ...
13242    794   543  0.555783  [1, 0, 0, 1, 0, 0, 1, 0, 0, 0, 0, 1, 0, 0, 0, ...
13243    789   471  0.482088  [0, 0, 0, 0, 0, 0, 1, 0, 1, 0, 1, 1, 0, 1, 0, ...

[13244 rows x 4 columns]
    
---------------------------------------------------------------------------------
    
    [Statistics]
    
    Runtime             217456.5015 ms
    
    Convergence  
           
          weight value  squality
3311     822   418  0.427840
6622     796   645  0.660184
9933     802   580  0.593654
13244    789   471  0.482088
    
    Plateau
    
    Longest sequence, 626-13243 with improvement less average 3%
    
    Best Run
    
            index:      7010 
            weight:     812
            value:      744 
            squality:   0.7615148413510747
            genotype:   0001100000...    
    
=================================================================================

    