
    
    Evaluation | 2020-04-23 13:36
    Configuration:  sa_default_20.json
                    
                    sa | #15348 | Initial Temp:500 | Cooling Rate:0.9

=================================================================================
    
          weight value  squality                                           genotype
0        801   478  0.489253  [0, 0, 0, 0, 0, 0, 0, 1, 0, 0, 1, 0, 0, 0, 0, ...
1        800   483  0.494371  [1, 1, 0, 0, 0, 1, 0, 0, 0, 1, 0, 0, 1, 0, 1, ...
2        821   556  0.569089  [0, 1, 0, 0, 1, 0, 0, 1, 0, 0, 1, 1, 0, 0, 0, ...
3        811   531  0.543501  [0, 0, 1, 0, 1, 0, 1, 0, 0, 0, 0, 0, 0, 0, 1, ...
4        822   507  0.518936  [1, 0, 0, 1, 0, 0, 0, 1, 1, 0, 0, 0, 0, 0, 0, ...
...      ...   ...       ...                                                ...
15343    816   422  0.431934  [0, 0, 0, 0, 1, 0, 1, 0, 1, 0, 0, 0, 0, 0, 0, ...
15344    787   567  0.580348  [0, 1, 0, 0, 1, 0, 0, 1, 0, 0, 0, 0, 0, 0, 1, ...
15345    803   482  0.493347  [0, 0, 1, 0, 0, 0, 0, 0, 0, 0, 1, 0, 1, 1, 0, ...
15346    806   523  0.535312  [0, 0, 0, 0, 0, 1, 0, 0, 0, 0, 1, 0, 0, 0, 0, ...
15347    792   492  0.503582  [0, 1, 0, 0, 0, 0, 1, 0, 0, 0, 0, 0, 0, 0, 0, ...

[15348 rows x 4 columns]
    
---------------------------------------------------------------------------------
    
    [Statistics]
    
    Runtime             345375.8627 ms
    
    Convergence  
           
          weight value  squality
3837     793   543  0.555783
7674     820   451  0.461617
11511    799   580  0.593654
15348    792   492  0.503582
    
    Plateau
    
    Longest sequence, 237-8640 with improvement less average 3%
    
    Best Run
    
            index:      14379 
            weight:     820
            value:      735 
            squality:   0.7523029682702149
            genotype:   0000000000...    
    
=================================================================================

    