
    
    Evaluation | 2020-04-23 12:51
    Configuration:  sa_default_18.json
                    
                    sa | #19733 | Initial Temp:500 | Cooling Rate:0.7

=================================================================================
    
          weight value  squality                                           genotype
0        811   573  0.586489  [0, 1, 1, 0, 0, 0, 0, 0, 0, 0, 1, 0, 0, 0, 0, ...
1        809   469  0.480041  [0, 0, 0, 0, 0, 0, 0, 0, 1, 0, 1, 0, 0, 0, 0, ...
2        782   566  0.579324  [0, 1, 0, 1, 1, 0, 0, 1, 0, 1, 1, 0, 0, 0, 0, ...
3        806   480  0.491300  [0, 0, 0, 0, 0, 1, 0, 0, 0, 0, 0, 0, 1, 0, 0, ...
4        782   534  0.546571  [1, 0, 0, 1, 0, 0, 1, 0, 0, 1, 0, 0, 0, 0, 0, ...
...      ...   ...       ...                                                ...
19728    820   473  0.484135  [0, 1, 0, 0, 0, 0, 0, 1, 0, 0, 0, 0, 0, 0, 1, ...
19729    784   482  0.493347  [0, 0, 0, 0, 0, 1, 0, 0, 1, 0, 0, 0, 0, 1, 0, ...
19730    800   483  0.494371  [0, 0, 1, 1, 0, 0, 0, 0, 0, 0, 0, 0, 0, 1, 0, ...
19731    821   517  0.529171  [0, 0, 1, 0, 0, 0, 1, 0, 0, 0, 0, 0, 0, 0, 0, ...
19732    810   480  0.491300  [0, 0, 0, 0, 0, 1, 0, 0, 1, 0, 0, 0, 0, 0, 0, ...

[19733 rows x 4 columns]
    
---------------------------------------------------------------------------------
    
    [Statistics]
    
    Runtime             357957.7112 ms
    
    Convergence  
           
          weight value  squality
4933     793   600  0.614125
9866     805   483  0.494371
14799    818   487  0.498465
19733    810   480  0.491300
    
    Plateau
    
    Longest sequence, 387-19732 with improvement less average 3%
    
    Best Run
    
            index:      12362 
            weight:     789
            value:      740 
            squality:   0.7574206755373593
            genotype:   0000000011...    
    
=================================================================================

    