
    
    Evaluation | 2020-04-23 14:43
    Configuration:  sa_default_07.json
                    
                    sa | #30697 | Initial Temp:5000 | Cooling Rate:0.6

=================================================================================
    
          weight value  squality                                           genotype
0        803   645  0.660184  [0, 0, 0, 0, 0, 0, 0, 0, 1, 0, 0, 1, 0, 0, 0, ...
1        820   615  0.629478  [0, 0, 0, 0, 0, 0, 0, 1, 0, 0, 1, 0, 0, 0, 0, ...
2        817   640  0.655067  [0, 0, 0, 0, 0, 1, 0, 0, 0, 1, 0, 0, 0, 1, 1, ...
3        817   490  0.501535  [0, 0, 0, 0, 0, 0, 1, 0, 0, 1, 0, 1, 0, 0, 0, ...
4        819   504  0.515865  [1, 0, 0, 0, 0, 1, 0, 0, 0, 0, 0, 1, 0, 0, 0, ...
...      ...   ...       ...                                                ...
30692    816   554  0.567042  [0, 0, 0, 0, 0, 0, 0, 0, 0, 1, 0, 0, 0, 1, 0, ...
30693    781   470  0.481064  [1, 0, 0, 0, 0, 1, 0, 0, 0, 0, 0, 0, 0, 0, 0, ...
30694    804   538  0.550665  [0, 0, 0, 1, 0, 0, 0, 0, 0, 0, 0, 1, 0, 0, 0, ...
30695    794   533  0.545548  [0, 0, 1, 0, 0, 0, 0, 0, 1, 0, 1, 0, 1, 0, 1, ...
30696    782   462  0.472876  [0, 0, 0, 0, 1, 0, 0, 0, 0, 0, 0, 0, 0, 0, 0, ...

[30697 rows x 4 columns]
    
---------------------------------------------------------------------------------
    
    [Statistics]
    
    Runtime             561226.8205 ms
    
    Convergence  
           
          weight value  squality
7674     814   585  0.598772
15348    800   508  0.519959
23022    779   633  0.647902
30697    782   462  0.472876
    
    Plateau
    
    Longest sequence, 17-22604 with improvement less average 3%
    
    Best Run
    
            index:      22604 
            weight:     809
            value:      737 
            squality:   0.7543500511770727
            genotype:   1100001001...    
    
=================================================================================

    