
    
    Evaluation | 2020-04-23 11:44
    Configuration:  sa_default_09.json
                    
                    sa | #23022 | Initial Temp:5000 | Cooling Rate:0.8

=================================================================================
    
          weight value  squality                                           genotype
0        801   503  0.514841  [0, 1, 0, 1, 0, 0, 0, 0, 0, 0, 0, 0, 1, 1, 0, ...
1        806   522  0.534289  [0, 0, 0, 1, 0, 0, 0, 0, 0, 0, 0, 0, 0, 0, 1, ...
2        799   508  0.519959  [0, 0, 0, 0, 0, 0, 0, 0, 0, 0, 0, 0, 0, 0, 0, ...
3        821   561  0.574207  [0, 0, 1, 0, 0, 0, 1, 1, 0, 0, 1, 1, 0, 0, 0, ...
4        795   497  0.508700  [1, 0, 0, 0, 0, 0, 0, 0, 0, 0, 0, 1, 0, 1, 0, ...
...      ...   ...       ...                                                ...
23017    818   471  0.482088  [0, 0, 0, 0, 0, 0, 0, 1, 0, 1, 0, 0, 1, 0, 0, ...
23018    803   471  0.482088  [0, 0, 0, 1, 0, 0, 0, 0, 0, 0, 0, 1, 0, 0, 1, ...
23019    808   593  0.606960  [0, 0, 0, 0, 0, 0, 0, 0, 1, 0, 0, 0, 0, 0, 0, ...
23020    821   473  0.484135  [0, 0, 0, 0, 0, 1, 0, 1, 1, 0, 0, 1, 0, 0, 0, ...
23021    794   532  0.544524  [0, 0, 0, 0, 0, 0, 1, 0, 0, 0, 1, 0, 0, 0, 1, ...

[23022 rows x 4 columns]
    
---------------------------------------------------------------------------------
    
    [Statistics]
    
    Runtime             425920.0379 ms
    
    Convergence  
           
          weight value  squality
5755     799   540  0.552712
11511    814   448  0.458547
17266    783   515  0.527124
23022    794   532  0.544524
    
    Plateau
    
    Longest sequence, 383-16181 with improvement less average 3%
    
    Best Run
    
            index:      16181 
            weight:     819
            value:      750 
            squality:   0.7676560900716479
            genotype:   0000000001...    
    
=================================================================================

    