
    
    Evaluation | 2020-04-23 14:33
    Configuration:  sa_default_06.json
                    
                    sa | #36837 | Initial Temp:5000 | Cooling Rate:0.5

=================================================================================
    
          weight value  squality                                           genotype
0        815   508  0.519959  [0, 1, 0, 0, 0, 0, 0, 0, 1, 0, 0, 0, 0, 0, 0, ...
1        816   438  0.448311  [0, 0, 1, 0, 0, 0, 0, 0, 0, 0, 0, 0, 0, 0, 0, ...
2        806   530  0.542477  [0, 1, 1, 1, 0, 0, 0, 1, 0, 1, 0, 1, 0, 0, 0, ...
3        814   540  0.552712  [0, 0, 0, 0, 0, 1, 0, 0, 0, 0, 0, 0, 0, 1, 0, ...
4        803   511  0.523030  [0, 0, 0, 0, 0, 1, 1, 0, 1, 0, 1, 0, 1, 1, 0, ...
...      ...   ...       ...                                                ...
36832    822   461  0.471853  [1, 0, 0, 0, 0, 0, 0, 1, 1, 0, 1, 0, 0, 0, 0, ...
36833    821   600  0.614125  [1, 0, 0, 0, 0, 1, 0, 1, 1, 1, 0, 0, 1, 1, 0, ...
36834    806   528  0.540430  [0, 1, 0, 0, 1, 0, 0, 0, 0, 1, 0, 0, 0, 0, 0, ...
36835    815   523  0.535312  [0, 0, 0, 0, 0, 0, 0, 0, 1, 0, 0, 0, 0, 0, 0, ...
36836    810   436  0.446264  [0, 0, 0, 0, 0, 0, 0, 0, 0, 0, 0, 0, 0, 0, 1, ...

[36837 rows x 4 columns]
    
---------------------------------------------------------------------------------
    
    [Statistics]
    
    Runtime             751208.2883 ms
    
    Convergence  
           
          weight value  squality
9209     791   496  0.507677
18418    821   460  0.470829
27627    801   527  0.539406
36837    810   436  0.446264
    
    Plateau
    
    Longest sequence, 2891-36836 with improvement less average 3%
    
    Best Run
    
            index:      10804 
            weight:     793
            value:      733 
            squality:   0.7502558853633572
            genotype:   0000011011...    
    
=================================================================================

    