
    
    Evaluation | 2020-04-23 11:12
    Configuration:  sa_default_12.json
                    
                    sa | #28387 | Initial Temp:2500 | Cooling Rate:0.6

=================================================================================
    
          weight value  squality                                           genotype
0        807   496  0.507677  [0, 1, 0, 0, 0, 1, 0, 0, 0, 0, 0, 0, 0, 0, 0, ...
1        815   525  0.537359  [0, 0, 0, 0, 0, 0, 0, 0, 1, 0, 0, 1, 0, 0, 0, ...
2        814   407  0.416581  [0, 0, 0, 0, 1, 0, 1, 0, 0, 0, 0, 0, 0, 0, 0, ...
3        805   563  0.576254  [0, 0, 0, 0, 1, 0, 0, 0, 1, 0, 0, 0, 0, 0, 0, ...
4        788   539  0.551689  [0, 0, 0, 0, 0, 0, 0, 0, 1, 0, 0, 0, 1, 1, 0, ...
...      ...   ...       ...                                                ...
28382    802   475  0.486182  [0, 0, 0, 0, 0, 0, 0, 1, 0, 0, 0, 0, 0, 0, 1, ...
28383    815   616  0.630502  [0, 0, 0, 0, 0, 0, 0, 0, 0, 1, 1, 0, 0, 0, 0, ...
28384    803   555  0.568066  [0, 1, 0, 0, 0, 0, 0, 0, 1, 1, 0, 0, 0, 0, 1, ...
28385    777   599  0.613101  [0, 0, 0, 1, 0, 0, 0, 1, 0, 0, 0, 0, 0, 0, 1, ...
28386    821   513  0.525077  [0, 0, 0, 0, 0, 0, 0, 0, 1, 0, 0, 1, 1, 1, 0, ...

[28387 rows x 4 columns]
    
---------------------------------------------------------------------------------
    
    [Statistics]
    
    Runtime             495681.5247 ms
    
    Convergence  
           
          weight value  squality
7096     787   461  0.471853
14193    807   524  0.536336
21290    814   520  0.532242
28387    821   513  0.525077
    
    Plateau
    
    Longest sequence, 2854-28386 with improvement less average 3%
    
    Best Run
    
            index:      24601 
            weight:     814
            value:      735 
            squality:   0.7523029682702149
            genotype:   0000000000...    
    
=================================================================================

    