
    
    Evaluation | 2020-04-23 10:55
    Configuration:  sa_default_08.json
                    
                    sa | #26311 | Initial Temp:5000 | Cooling Rate:0.7

=================================================================================
    
          weight value  squality                                           genotype
0        801   461  0.471853  [1, 1, 1, 1, 0, 0, 1, 0, 0, 0, 0, 0, 0, 0, 0, ...
1        813   636  0.650972  [0, 1, 0, 0, 0, 0, 0, 0, 0, 0, 0, 0, 1, 0, 0, ...
2        821   512  0.524053  [1, 0, 0, 0, 0, 0, 0, 0, 0, 0, 0, 0, 0, 0, 0, ...
3        822   491  0.502559  [1, 0, 1, 0, 0, 0, 0, 0, 0, 0, 1, 1, 0, 0, 0, ...
4        793   483  0.494371  [0, 0, 0, 0, 0, 0, 0, 0, 0, 0, 0, 1, 0, 1, 0, ...
...      ...   ...       ...                                                ...
26306    794   448  0.458547  [0, 0, 0, 0, 0, 1, 0, 0, 0, 0, 0, 0, 0, 0, 0, ...
26307    807   531  0.543501  [0, 0, 1, 1, 1, 0, 0, 0, 0, 0, 1, 1, 0, 1, 0, ...
26308    811   424  0.433982  [1, 0, 0, 0, 0, 1, 0, 0, 0, 0, 0, 1, 0, 0, 0, ...
26309    795   443  0.453429  [0, 0, 0, 1, 0, 0, 0, 0, 0, 0, 0, 0, 0, 1, 1, ...
26310    776   393  0.402252  [0, 0, 0, 0, 0, 0, 0, 0, 1, 0, 0, 0, 0, 0, 0, ...

[26311 rows x 4 columns]
    
---------------------------------------------------------------------------------
    
    [Statistics]
    
    Runtime             508636.9467 ms
    
    Convergence  
           
          weight value  squality
6577     801   532  0.544524
13155    821   564  0.577277
19733    817   408  0.417605
26311    776   393  0.402252
    
    Plateau
    
    Longest sequence, 10773-26310 with improvement less average 3%
    
    Best Run
    
            index:      10773 
            weight:     819
            value:      780 
            squality:   0.7983623336745138
            genotype:   1001000001...    
    
=================================================================================

    