
    
    Evaluation | 2020-04-23 13:45
    Configuration:  sa_default_21.json
                    
                    sa | #21191 | Initial Temp:100 | Cooling Rate:0.5

=================================================================================
    
          weight value  squality                                           genotype
0        802   488  0.499488  [0, 0, 0, 0, 0, 0, 0, 0, 0, 1, 1, 0, 0, 1, 0, ...
1        797   521  0.533265  [0, 0, 0, 0, 1, 0, 0, 0, 0, 0, 0, 0, 0, 0, 1, ...
2        808   563  0.576254  [0, 0, 0, 1, 0, 0, 0, 0, 1, 0, 0, 0, 0, 0, 1, ...
3        804   467  0.477994  [1, 1, 0, 0, 0, 0, 1, 0, 1, 1, 0, 1, 0, 1, 0, ...
4        819   556  0.569089  [0, 0, 0, 0, 0, 0, 0, 0, 0, 0, 0, 0, 0, 0, 0, ...
...      ...   ...       ...                                                ...
21186    817   509  0.520983  [0, 0, 0, 0, 0, 0, 0, 1, 0, 0, 0, 1, 0, 0, 1, ...
21187    810   437  0.447288  [0, 0, 0, 0, 1, 0, 0, 0, 0, 0, 0, 0, 0, 0, 0, ...
21188    800   540  0.552712  [0, 0, 0, 0, 1, 0, 0, 1, 0, 1, 0, 0, 0, 0, 1, ...
21189    789   459  0.469806  [0, 0, 0, 0, 0, 1, 0, 0, 0, 0, 1, 0, 0, 0, 0, ...
21190    783   569  0.582395  [0, 0, 0, 0, 1, 1, 0, 0, 0, 0, 0, 0, 0, 0, 0, ...

[21191 rows x 4 columns]
    
---------------------------------------------------------------------------------
    
    [Statistics]
    
    Runtime             528628.3377 ms
    
    Convergence  
           
          weight value  squality
5297     815   493  0.504606
10595    808   534  0.546571
15893    818   544  0.556807
21191    783   569  0.582395
    
    Plateau
    
    Longest sequence, 4525-15353 with improvement less average 3%
    
    Best Run
    
            index:      15353 
            weight:     809
            value:      761 
            squality:   0.7789150460593655
            genotype:   0000110000...    
    
=================================================================================

    