
    
    Evaluation | 2020-04-23 11:37
    Configuration:  sa_default_05.json
                    
                    sa | #22003 | Initial Temp:10000 | Cooling Rate:0.9

=================================================================================
    
          weight value  squality                                           genotype
0        813   466  0.476970  [1, 0, 0, 0, 0, 0, 0, 0, 0, 0, 0, 0, 0, 1, 0, ...
1        784   460  0.470829  [0, 1, 0, 0, 0, 0, 0, 0, 0, 0, 0, 0, 0, 0, 1, ...
2        806   469  0.480041  [0, 0, 1, 0, 0, 0, 0, 1, 0, 0, 0, 0, 0, 0, 0, ...
3        811   522  0.534289  [0, 1, 0, 0, 1, 0, 0, 1, 1, 0, 0, 0, 0, 0, 0, ...
4        774   650  0.665302  [0, 0, 0, 1, 0, 0, 0, 0, 0, 1, 1, 0, 1, 0, 0, ...
...      ...   ...       ...                                                ...
21998    795   486  0.497441  [0, 1, 0, 0, 0, 0, 0, 1, 0, 0, 0, 0, 0, 0, 1, ...
21999    799   541  0.553736  [0, 0, 0, 0, 0, 0, 0, 1, 0, 0, 0, 1, 0, 0, 0, ...
22000    805   537  0.549642  [0, 1, 0, 0, 0, 0, 0, 1, 0, 0, 0, 0, 0, 0, 0, ...
22001    813   580  0.593654  [0, 0, 0, 0, 1, 0, 0, 0, 0, 0, 0, 0, 0, 0, 0, ...
22002    803   538  0.550665  [1, 0, 0, 1, 0, 0, 0, 0, 1, 0, 0, 1, 0, 0, 0, ...

[22003 rows x 4 columns]
    
---------------------------------------------------------------------------------
    
    [Statistics]
    
    Runtime             398841.6414 ms
    
    Convergence  
           
          weight value  squality
5500     810   478  0.489253
11001    807   460  0.470829
16502    806   512  0.524053
22003    803   538  0.550665
    
    Plateau
    
    Longest sequence, 1693-22002 with improvement less average 3%
    
    Best Run
    
            index:      19779 
            weight:     800
            value:      717 
            squality:   0.7338792221084954
            genotype:   0000011001...    
    
=================================================================================

    