
    
    Evaluation | 2020-04-23 11:03
    Configuration:  sa_default_04.json
                    
                    sa | #24754 | Initial Temp:10000 | Cooling Rate:0.8

=================================================================================
    
          weight value  squality                                           genotype
0        819   555  0.568066  [0, 0, 0, 0, 0, 1, 0, 1, 0, 0, 0, 0, 0, 0, 0, ...
1        795   541  0.553736  [0, 0, 1, 0, 0, 0, 0, 1, 0, 0, 1, 1, 0, 0, 0, ...
2        805   523  0.535312  [0, 0, 0, 1, 0, 0, 0, 0, 1, 0, 0, 1, 0, 1, 0, ...
3        789   490  0.501535  [0, 0, 0, 1, 1, 0, 0, 0, 0, 1, 0, 0, 0, 0, 0, ...
4        811   548  0.560901  [0, 0, 1, 0, 0, 0, 0, 0, 0, 0, 0, 0, 1, 1, 1, ...
...      ...   ...       ...                                                ...
24749    818   490  0.501535  [0, 1, 1, 0, 1, 1, 0, 0, 1, 0, 0, 0, 0, 1, 0, ...
24750    822   617  0.631525  [0, 0, 0, 0, 0, 0, 1, 0, 0, 0, 0, 0, 0, 0, 0, ...
24751    789   585  0.598772  [0, 0, 0, 0, 0, 0, 0, 0, 1, 0, 0, 0, 0, 1, 0, ...
24752    808   485  0.496418  [0, 0, 0, 0, 0, 0, 0, 0, 0, 0, 0, 1, 0, 0, 0, ...
24753    805   587  0.600819  [0, 0, 0, 0, 0, 0, 0, 0, 0, 1, 0, 0, 0, 1, 0, ...

[24754 rows x 4 columns]
    
---------------------------------------------------------------------------------
    
    [Statistics]
    
    Runtime             472717.5214 ms
    
    Convergence  
           
          weight value  squality
6188     802   546  0.558854
12377    804   518  0.530194
18565    787   509  0.520983
24754    805   587  0.600819
    
    Plateau
    
    Longest sequence, 2376-24753 with improvement less average 3%
    
    Best Run
    
            index:      14146 
            weight:     811
            value:      736 
            squality:   0.7533265097236438
            genotype:   0000000101...    
    
=================================================================================

    