
    
    Evaluation | 2020-04-23 13:02
    Configuration:  sa_default_23.json
                    
                    sa | #15136 | Initial Temp:100 | Cooling Rate:0.7

=================================================================================
    
          weight value  squality                                           genotype
0        814   614  0.628454  [1, 0, 0, 0, 0, 1, 1, 1, 0, 0, 0, 0, 0, 0, 0, ...
1        809   542  0.554759  [0, 0, 0, 0, 0, 0, 0, 0, 0, 0, 0, 0, 0, 0, 0, ...
2        803   554  0.567042  [0, 0, 0, 0, 0, 1, 0, 1, 0, 1, 0, 1, 0, 1, 0, ...
3        803   468  0.479017  [0, 0, 0, 0, 0, 1, 0, 0, 0, 0, 0, 0, 0, 0, 0, ...
4        808   507  0.518936  [0, 1, 0, 0, 1, 0, 0, 0, 0, 0, 0, 0, 0, 0, 1, ...
...      ...   ...       ...                                                ...
15131    802   487  0.498465  [0, 0, 0, 1, 0, 0, 0, 1, 0, 0, 0, 1, 0, 1, 0, ...
15132    813   541  0.553736  [0, 0, 1, 0, 1, 0, 0, 0, 0, 0, 0, 0, 1, 0, 0, ...
15133    805   497  0.508700  [0, 0, 0, 0, 0, 0, 0, 1, 0, 0, 0, 0, 1, 0, 0, ...
15134    808   586  0.599795  [0, 0, 0, 0, 1, 0, 0, 1, 1, 0, 1, 0, 0, 0, 1, ...
15135    802   588  0.601842  [0, 0, 0, 0, 0, 0, 1, 0, 0, 0, 0, 0, 0, 1, 0, ...

[15136 rows x 4 columns]
    
---------------------------------------------------------------------------------
    
    [Statistics]
    
    Runtime             298408.4558 ms
    
    Convergence  
           
          weight value  squality
3784     821   509  0.520983
7568     803   520  0.532242
11352    785   445  0.455476
15136    802   588  0.601842
    
    Plateau
    
    Longest sequence, 1737-15135 with improvement less average 3%
    
    Best Run
    
            index:      13223 
            weight:     821
            value:      733 
            squality:   0.7502558853633572
            genotype:   0000000000...    
    
=================================================================================

    