
    
    Evaluation | 2020-04-23 11:59
    Configuration:  sa_default_02.json
                    
                    sa | #33007 | Initial Temp:10000 | Cooling Rate:0.6

=================================================================================
    
          weight value  squality                                           genotype
0        812   619  0.633572  [0, 0, 0, 0, 0, 0, 0, 0, 0, 0, 1, 1, 0, 0, 1, ...
1        809   479  0.490276  [0, 1, 0, 0, 0, 0, 1, 0, 1, 0, 0, 0, 0, 0, 0, ...
2        805   523  0.535312  [1, 1, 1, 0, 0, 1, 0, 0, 0, 0, 1, 0, 1, 0, 0, ...
3        782   591  0.604913  [0, 0, 0, 0, 0, 0, 0, 0, 0, 1, 0, 0, 0, 0, 0, ...
4        788   511  0.523030  [0, 0, 0, 1, 0, 0, 1, 0, 0, 0, 0, 0, 0, 0, 0, ...
...      ...   ...       ...                                                ...
33002    793   499  0.510747  [0, 0, 0, 0, 0, 1, 0, 0, 0, 0, 0, 0, 0, 0, 0, ...
33003    791   470  0.481064  [0, 0, 0, 0, 0, 0, 1, 0, 0, 0, 1, 0, 0, 0, 1, ...
33004    815   495  0.506653  [0, 0, 0, 0, 0, 0, 0, 0, 0, 0, 1, 1, 1, 0, 0, ...
33005    808   483  0.494371  [1, 1, 0, 0, 0, 0, 0, 0, 0, 0, 0, 0, 0, 0, 0, ...
33006    811   469  0.480041  [0, 1, 0, 0, 0, 0, 1, 0, 0, 0, 1, 0, 0, 0, 0, ...

[33007 rows x 4 columns]
    
---------------------------------------------------------------------------------
    
    [Statistics]
    
    Runtime             657937.4639 ms
    
    Convergence  
           
          weight value  squality
8251     791   497  0.508700
16503    781   602  0.616172
24755    820   585  0.598772
33007    811   469  0.480041
    
    Plateau
    
    Longest sequence, 1377-33006 with improvement less average 3%
    
    Best Run
    
            index:      6282 
            weight:     805
            value:      740 
            squality:   0.7574206755373593
            genotype:   0000000110...    
    
=================================================================================

    