
    
    Evaluation | 2020-04-23 12:57
    Configuration:  sa_default_19.json
                    
                    sa | #17266 | Initial Temp:500 | Cooling Rate:0.8

=================================================================================
    
          weight value  squality                                           genotype
0        820   492  0.503582  [0, 1, 0, 0, 0, 0, 0, 1, 0, 0, 0, 0, 1, 1, 0, ...
1        814   515  0.527124  [0, 0, 0, 0, 1, 1, 0, 0, 0, 0, 1, 0, 0, 0, 0, ...
2        798   474  0.485159  [1, 1, 0, 0, 0, 1, 0, 0, 0, 0, 0, 1, 0, 0, 1, ...
3        804   483  0.494371  [0, 0, 1, 0, 0, 0, 0, 0, 0, 0, 0, 0, 0, 0, 1, ...
4        811   512  0.524053  [0, 1, 0, 0, 0, 0, 0, 0, 0, 0, 0, 0, 0, 0, 0, ...
...      ...   ...       ...                                                ...
17261    800   517  0.529171  [0, 0, 0, 0, 0, 0, 0, 0, 0, 0, 0, 0, 0, 0, 0, ...
17262    805   567  0.580348  [0, 1, 0, 0, 0, 0, 0, 0, 0, 0, 0, 0, 0, 1, 0, ...
17263    812   551  0.563971  [0, 0, 0, 0, 0, 0, 0, 0, 0, 1, 0, 1, 1, 0, 0, ...
17264    819   592  0.605937  [0, 0, 0, 1, 0, 0, 1, 0, 0, 0, 0, 0, 0, 0, 1, ...
17265    822   541  0.553736  [0, 0, 0, 1, 0, 0, 0, 0, 1, 1, 0, 0, 0, 0, 1, ...

[17266 rows x 4 columns]
    
---------------------------------------------------------------------------------
    
    [Statistics]
    
    Runtime             324818.7461 ms
    
    Convergence  
           
          weight value  squality
4316     804   513  0.525077
8633     812   530  0.542477
12949    802   545  0.557830
17266    822   541  0.553736
    
    Plateau
    
    Longest sequence, 2158-10720 with improvement less average 3%
    
    Best Run
    
            index:      10720 
            weight:     816
            value:      773 
            squality:   0.7911975435005117
            genotype:   0000011011...    
    
=================================================================================

    