
    
    Evaluation | 2020-04-23 13:19
    Configuration:  sa_default_03.json
                    
                    sa | #28291 | Initial Temp:10000 | Cooling Rate:0.7

=================================================================================
    
          weight value  squality                                           genotype
0        789   580  0.593654  [0, 0, 0, 0, 1, 0, 0, 0, 0, 0, 0, 1, 0, 0, 0, ...
1        795   492  0.503582  [0, 1, 0, 0, 0, 0, 0, 0, 0, 1, 0, 0, 0, 0, 0, ...
2        810   658  0.673490  [0, 0, 1, 0, 0, 1, 0, 1, 0, 1, 1, 1, 0, 0, 0, ...
3        789   461  0.471853  [1, 0, 0, 1, 0, 1, 0, 0, 0, 0, 0, 0, 0, 0, 1, ...
4        792   532  0.544524  [0, 0, 0, 0, 0, 1, 0, 0, 0, 0, 0, 0, 0, 0, 0, ...
...      ...   ...       ...                                                ...
28286    821   554  0.567042  [0, 0, 1, 0, 0, 0, 0, 0, 0, 0, 0, 0, 0, 0, 0, ...
28287    820   485  0.496418  [0, 0, 0, 0, 1, 0, 0, 0, 0, 0, 1, 0, 0, 0, 0, ...
28288    791   480  0.491300  [0, 0, 0, 0, 0, 0, 1, 0, 0, 0, 0, 0, 0, 0, 1, ...
28289    815   552  0.564995  [0, 1, 0, 0, 0, 0, 1, 0, 0, 0, 0, 0, 0, 0, 0, ...
28290    820   590  0.603889  [0, 0, 0, 0, 0, 0, 0, 1, 0, 0, 0, 0, 0, 0, 0, ...

[28291 rows x 4 columns]
    
---------------------------------------------------------------------------------
    
    [Statistics]
    
    Runtime             654194.8899 ms
    
    Convergence  
           
          weight value  squality
7072     820   609  0.623337
14145    807   581  0.594678
21218    801   474  0.485159
28291    820   590  0.603889
    
    Plateau
    
    Longest sequence, 7790-25603 with improvement less average 3%
    
    Best Run
    
            index:      25603 
            weight:     811
            value:      754 
            squality:   0.7717502558853634
            genotype:   0100001001...    
    
=================================================================================

    