
    
    Evaluation | 2020-04-23 14:21
    Configuration:  sa_default_10.json
                    
                    sa | #20463 | Initial Temp:5000 | Cooling Rate:0.9

=================================================================================
    
          weight value  squality                                           genotype
0        819   518  0.530194  [0, 0, 0, 0, 0, 0, 1, 1, 0, 0, 0, 0, 0, 0, 0, ...
1        815   512  0.524053  [0, 0, 0, 0, 1, 0, 0, 0, 1, 0, 0, 0, 0, 0, 0, ...
2        813   468  0.479017  [0, 1, 0, 0, 0, 0, 0, 0, 0, 0, 0, 0, 0, 0, 0, ...
3        811   582  0.595701  [0, 0, 0, 0, 0, 0, 0, 0, 0, 0, 1, 0, 0, 1, 0, ...
4        790   535  0.547595  [1, 1, 0, 0, 0, 0, 0, 0, 0, 1, 0, 0, 0, 0, 0, ...
...      ...   ...       ...                                                ...
20458    819   644  0.659161  [0, 0, 1, 0, 0, 0, 0, 0, 0, 1, 0, 0, 0, 0, 0, ...
20459    802   440  0.450358  [1, 0, 0, 1, 1, 0, 0, 0, 0, 0, 0, 0, 0, 0, 0, ...
20460    785   518  0.530194  [0, 0, 0, 0, 0, 0, 0, 0, 0, 1, 0, 0, 0, 0, 0, ...
20461    809   557  0.570113  [0, 0, 0, 0, 0, 1, 0, 1, 1, 0, 0, 1, 0, 1, 0, ...
20462    813   445  0.455476  [1, 0, 0, 0, 0, 0, 0, 0, 0, 0, 0, 0, 0, 0, 0, ...

[20463 rows x 4 columns]
    
---------------------------------------------------------------------------------
    
    [Statistics]
    
    Runtime             355865.1092 ms
    
    Convergence  
           
          weight value  squality
5115     820   505  0.516888
10231    797   506  0.517912
15347    801   497  0.508700
20463    813   445  0.455476
    
    Plateau
    
    Longest sequence, 3178-20462 with improvement less average 3%
    
    Best Run
    
            index:      17786 
            weight:     801
            value:      727 
            squality:   0.744114636642784
            genotype:   0000100101...    
    
=================================================================================

    