
    
    Evaluation | 2020-04-23 14:07
    Configuration:  sa_default_17.json
                    
                    sa | #23023 | Initial Temp:500 | Cooling Rate:0.6

=================================================================================
    
          weight value  squality                                           genotype
0        785   441  0.451382  [0, 0, 0, 0, 0, 0, 0, 0, 0, 0, 0, 0, 0, 0, 0, ...
1        815   555  0.568066  [0, 0, 0, 0, 0, 0, 0, 1, 0, 0, 1, 0, 0, 0, 1, ...
2        821   477  0.488229  [0, 0, 0, 0, 1, 1, 0, 0, 0, 0, 0, 1, 0, 0, 0, ...
3        799   473  0.484135  [0, 0, 0, 0, 0, 1, 0, 0, 0, 0, 0, 0, 0, 0, 1, ...
4        806   551  0.563971  [0, 0, 0, 1, 0, 0, 0, 0, 1, 0, 1, 0, 1, 1, 1, ...
...      ...   ...       ...                                                ...
23018    822   594  0.607984  [0, 1, 0, 0, 1, 0, 0, 0, 0, 0, 1, 0, 0, 0, 1, ...
23019    811   530  0.542477  [0, 0, 0, 0, 0, 1, 0, 1, 0, 0, 0, 0, 1, 0, 0, ...
23020    790   581  0.594678  [0, 0, 0, 0, 0, 0, 0, 0, 0, 0, 1, 0, 1, 0, 0, ...
23021    814   481  0.492323  [0, 0, 0, 0, 1, 0, 0, 0, 0, 0, 1, 0, 0, 0, 0, ...
23022    819   447  0.457523  [0, 0, 1, 1, 0, 0, 0, 0, 1, 0, 0, 0, 0, 0, 0, ...

[23023 rows x 4 columns]
    
---------------------------------------------------------------------------------
    
    [Statistics]
    
    Runtime             390196.7851 ms
    
    Convergence  
           
          weight value  squality
5755     795   467  0.477994
11511    816   500  0.511771
17267    818   497  0.508700
23023    819   447  0.457523
    
    Plateau
    
    Longest sequence, 1132-23022 with improvement less average 3%
    
    Best Run
    
            index:      1132 
            weight:     806
            value:      732 
            squality:   0.7492323439099283
            genotype:   0001000110...    
    
=================================================================================

    