
    
    Evaluation | 2020-04-23 11:30
    Configuration:  sa_default_13.json
                    
                    sa | #24331 | Initial Temp:2500 | Cooling Rate:0.7

=================================================================================
    
          weight value  squality                                           genotype
0        814   500  0.511771  [1, 0, 0, 0, 0, 0, 0, 0, 0, 0, 0, 0, 1, 1, 0, ...
1        810   523  0.535312  [0, 0, 0, 0, 0, 0, 1, 0, 0, 0, 1, 0, 0, 1, 1, ...
2        818   643  0.658137  [0, 0, 0, 1, 1, 0, 1, 0, 0, 1, 0, 0, 0, 0, 0, ...
3        808   465  0.475947  [1, 1, 0, 0, 0, 0, 0, 0, 0, 0, 0, 0, 0, 0, 0, ...
4        801   477  0.488229  [1, 0, 0, 1, 0, 0, 0, 1, 1, 0, 0, 0, 0, 0, 0, ...
...      ...   ...       ...                                                ...
24326    810   423  0.432958  [0, 0, 1, 0, 0, 0, 0, 0, 0, 0, 0, 0, 0, 0, 0, ...
24327    810   614  0.628454  [0, 1, 0, 0, 0, 0, 0, 0, 0, 1, 0, 0, 0, 0, 1, ...
24328    811   466  0.476970  [1, 1, 1, 0, 1, 0, 0, 0, 0, 0, 1, 1, 0, 1, 0, ...
24329    805   585  0.598772  [0, 0, 0, 0, 0, 0, 1, 1, 0, 0, 0, 1, 0, 0, 0, ...
24330    809   456  0.466735  [1, 0, 0, 0, 0, 0, 1, 0, 0, 1, 0, 0, 0, 0, 0, ...

[24331 rows x 4 columns]
    
---------------------------------------------------------------------------------
    
    [Statistics]
    
    Runtime             414961.0613 ms
    
    Convergence  
           
          weight value  squality
6082     810   488  0.499488
12165    789   663  0.678608
18248    801   590  0.603889
24331    809   456  0.466735
    
    Plateau
    
    Longest sequence, 223-22528 with improvement less average 3%
    
    Best Run
    
            index:      22528 
            weight:     812
            value:      753 
            squality:   0.7707267144319345
            genotype:   0000101000...    
    
=================================================================================

    