
    
    Evaluation | 2020-04-23 11:48
    Configuration:  sa_default_25.json
                    
                    sa | #11772 | Initial Temp:100 | Cooling Rate:0.9

=================================================================================
    
          weight value  squality                                           genotype
0        799   447  0.457523  [0, 0, 0, 1, 0, 0, 0, 0, 0, 0, 0, 1, 1, 0, 0, ...
1        816   537  0.549642  [1, 0, 0, 0, 0, 0, 0, 0, 1, 0, 0, 1, 0, 0, 0, ...
2        806   499  0.510747  [0, 0, 0, 0, 0, 0, 0, 1, 1, 0, 1, 0, 0, 0, 0, ...
3        809   512  0.524053  [0, 0, 0, 0, 0, 1, 0, 0, 0, 0, 0, 0, 0, 0, 0, ...
4        817   470  0.481064  [0, 0, 0, 1, 0, 0, 0, 1, 0, 0, 0, 0, 0, 0, 0, ...
...      ...   ...       ...                                                ...
11767    791   545  0.557830  [0, 0, 0, 0, 1, 0, 0, 1, 0, 0, 0, 0, 0, 0, 1, ...
11768    786   589  0.602866  [0, 0, 0, 0, 0, 0, 0, 0, 1, 0, 0, 0, 0, 0, 0, ...
11769    804   513  0.525077  [0, 0, 0, 0, 0, 0, 0, 1, 0, 1, 0, 0, 0, 0, 1, ...
11770    822   596  0.610031  [0, 0, 0, 0, 0, 0, 0, 1, 0, 1, 0, 0, 0, 0, 0, ...
11771    807   498  0.509724  [0, 0, 0, 1, 1, 1, 0, 0, 1, 0, 0, 0, 0, 0, 0, ...

[11772 rows x 4 columns]
    
---------------------------------------------------------------------------------
    
    [Statistics]
    
    Runtime             200176.4784 ms
    
    Convergence  
           
          weight value  squality
2943     817   462  0.472876
5886     806   491  0.502559
8829     803   572  0.585466
11772    807   498  0.509724
    
    Plateau
    
    Longest sequence, 1278-9050 with improvement less average 3%
    
    Best Run
    
            index:      9050 
            weight:     816
            value:      746 
            squality:   0.7635619242579325
            genotype:   0100000001...    
    
=================================================================================

    