
    
    Evaluation | 2020-04-23 13:30
    Configuration:  sa_default_16.json
                    
                    sa | #27628 | Initial Temp:500 | Cooling Rate:0.5

=================================================================================
    
          weight value  squality                                           genotype
0        791   575  0.588536  [0, 0, 0, 1, 0, 0, 0, 0, 1, 1, 0, 0, 1, 0, 0, ...
1        811   424  0.433982  [0, 1, 0, 0, 0, 0, 0, 0, 0, 0, 1, 0, 0, 0, 1, ...
2        793   587  0.600819  [0, 0, 1, 1, 0, 0, 0, 0, 1, 0, 0, 0, 0, 0, 1, ...
3        809   585  0.598772  [0, 0, 0, 0, 0, 0, 0, 1, 0, 0, 1, 0, 1, 0, 0, ...
4        782   585  0.598772  [0, 0, 0, 0, 1, 0, 0, 1, 1, 1, 0, 0, 0, 1, 1, ...
...      ...   ...       ...                                                ...
27623    817   442  0.452405  [1, 0, 0, 0, 1, 0, 0, 0, 0, 0, 0, 0, 0, 0, 0, ...
27624    817   568  0.581372  [0, 1, 0, 0, 0, 0, 0, 1, 0, 0, 0, 0, 0, 0, 1, ...
27625    787   508  0.519959  [0, 0, 1, 0, 0, 0, 0, 1, 0, 1, 0, 0, 1, 0, 0, ...
27626    797   495  0.506653  [0, 0, 0, 0, 0, 0, 0, 0, 0, 0, 0, 0, 0, 0, 0, ...
27627    805   433  0.443193  [1, 1, 0, 0, 0, 0, 0, 0, 0, 0, 0, 0, 0, 0, 0, ...

[27628 rows x 4 columns]
    
---------------------------------------------------------------------------------
    
    [Statistics]
    
    Runtime             622186.9347 ms
    
    Convergence  
           
          weight value  squality
6907     809   527  0.539406
13814    818   545  0.557830
20721    782   471  0.482088
27628    805   433  0.443193
    
    Plateau
    
    Longest sequence, 507-27627 with improvement less average 3%
    
    Best Run
    
            index:      9842 
            weight:     813
            value:      742 
            squality:   0.759467758444217
            genotype:   0000000101...    
    
=================================================================================

    