
    
    Evaluation | 2020-04-24 14:20
    Configuration:  pso_default_05.json
                    
                    pso | #1000 | inertia=1.00 | n particles=100 | c1=0.5 | c2=0.5

=================================================================================
    
        weight value  squality                                           genotype
0      805   625  0.639713  [0, 0, 0, 0, 0, 0, 0, 0, 0, 1, 0, 0, 0, 0, 1, ...
1      802   644  0.659161  [0, 0, 0, 0, 0, 0, 1, 0, 0, 1, 0, 0, 0, 0, 0, ...
2      802   659  0.674514  [0, 0, 0, 0, 0, 1, 0, 0, 0, 1, 1, 0, 0, 0, 0, ...
3      804   689  0.705220  [0, 0, 0, 0, 0, 1, 0, 0, 0, 1, 1, 0, 0, 0, 1, ...
4      776   700  0.716479  [0, 0, 0, 0, 0, 0, 0, 0, 0, 1, 1, 0, 0, 0, 1, ...
..     ...   ...       ...                                                ...
995    819   892  0.912999  [0, 0, 0, 0, 0, 1, 0, 0, 0, 1, 1, 0, 0, 0, 1, ...
996    790   437  0.447288  [0, 0, 0, 0, 0, 1, 0, 0, 0, 1, 1, 0, 0, 0, 1, ...
997    819   892  0.912999  [0, 0, 0, 0, 0, 1, 0, 0, 0, 1, 1, 0, 0, 0, 1, ...
998    819   892  0.912999  [0, 0, 0, 0, 0, 1, 0, 0, 0, 1, 1, 0, 0, 0, 1, ...
999    810   529  0.541453  [0, 0, 0, 0, 0, 1, 0, 0, 0, 1, 1, 0, 0, 0, 1, ...

[1000 rows x 4 columns]
    
---------------------------------------------------------------------------------
    
    [Statistics]
    
    Runtime             785330.9175 ms
    
    Convergence  
           
         weight value  squality
250     819   849  0.868987
500     819   892  0.912999
750     819   892  0.912999
1000    810   529  0.541453
    
    Plateau
    
    Longest sequence, 94-999 with improvement less average 3%
    
    Best Run
    
            index:      244 
            weight:     819
            value:      892 
            squality:   0.9129989764585466
            genotype:   0000010001...    
    
=================================================================================

    