
    
    Evaluation | 2020-04-24 16:37
    Configuration:  pso_default_02.json
                    
                    pso | #1000 | inertia=1.00 | n particles=50 | c1=0.5 | c2=0.5

=================================================================================
    
        weight value  squality                                           genotype
0      811   615  0.629478  [0, 0, 0, 0, 0, 0, 0, 1, 0, 0, 0, 0, 0, 0, 0, ...
1      818   645  0.660184  [0, 0, 1, 0, 1, 0, 1, 1, 0, 0, 0, 1, 0, 0, 0, ...
2      807   677  0.692938  [0, 0, 1, 0, 1, 0, 0, 1, 0, 0, 0, 0, 0, 0, 0, ...
3      803   715  0.731832  [0, 0, 1, 0, 1, 0, 0, 1, 0, 0, 0, 0, 0, 0, 0, ...
4      785   624  0.638690  [0, 0, 1, 0, 1, 0, 0, 1, 0, 0, 0, 0, 0, 0, 0, ...
..     ...   ...       ...                                                ...
995    820   957  0.979529  [0, 0, 0, 0, 0, 0, 1, 1, 1, 1, 0, 0, 0, 0, 0, ...
996    820   957  0.979529  [0, 0, 0, 0, 0, 0, 1, 1, 1, 1, 0, 0, 0, 0, 0, ...
997    820   957  0.979529  [0, 0, 0, 0, 0, 0, 1, 1, 1, 1, 0, 0, 0, 0, 0, ...
998    820   957  0.979529  [0, 0, 0, 0, 0, 0, 1, 1, 1, 1, 0, 0, 0, 0, 0, ...
999    820   957  0.979529  [0, 0, 0, 0, 0, 0, 1, 1, 1, 1, 0, 0, 0, 0, 0, ...

[1000 rows x 4 columns]
    
---------------------------------------------------------------------------------
    
    [Statistics]
    
    Runtime             197743.6819 ms
    
    Convergence  
           
         weight value  squality
250     799   736  0.753327
500     821   955  0.977482
750     820   957  0.979529
1000    820   957  0.979529
    
    Plateau
    
    Longest sequence, 177-999 with improvement less average 3%
    
    Best Run
    
            index:      611 
            weight:     820
            value:      957 
            squality:   0.9795291709314228
            genotype:   0000001111...    
    
=================================================================================

    