
    
    Evaluation | 2020-04-24 13:33
    Configuration:  pso_default_24.json
                    
                    pso | #1000 | inertia=1.15 | n particles=100 | c1=0.5 | c2=0.4

=================================================================================
    
        weight value  squality                                           genotype
0      815   672  0.687820  [0, 0, 0, 0, 0, 0, 0, 0, 0, 1, 1, 0, 0, 0, 0, ...
1      820   722  0.738997  [0, 1, 0, 1, 0, 0, 0, 0, 0, 0, 0, 0, 1, 0, 0, ...
2      813   480  0.491300  [0, 1, 0, 1, 0, 0, 0, 0, 0, 0, 0, 0, 1, 0, 0, ...
3      816   467  0.477994  [0, 1, 0, 1, 0, 0, 0, 0, 0, 0, 0, 0, 1, 0, 0, ...
4      812   736  0.753327  [0, 1, 0, 1, 0, 0, 0, 0, 0, 0, 1, 0, 1, 0, 0, ...
..     ...   ...       ...                                                ...
995    818   742  0.759468  [0, 0, 0, 1, 0, 0, 0, 0, 0, 0, 1, 0, 0, 0, 0, ...
996    797   770  0.788127  [0, 0, 0, 1, 0, 0, 0, 0, 0, 0, 1, 0, 0, 0, 0, ...
997    796   640  0.655067  [0, 0, 0, 1, 0, 0, 0, 0, 0, 0, 1, 0, 0, 0, 0, ...
998    811   690  0.706244  [0, 0, 0, 1, 0, 0, 0, 0, 0, 0, 1, 0, 0, 0, 0, ...
999    817   803  0.821904  [0, 0, 0, 1, 0, 0, 0, 0, 0, 0, 1, 0, 0, 0, 0, ...

[1000 rows x 4 columns]
    
---------------------------------------------------------------------------------
    
    [Statistics]
    
    Runtime             1423562.0359 ms
    
    Convergence  
           
         weight value  squality
250     797   750  0.767656
500     814   759  0.776868
750     810   569  0.582395
1000    817   803  0.821904
    
    Plateau
    
    Longest sequence, 28-999 with improvement less average 3%
    
    Best Run
    
            index:      613 
            weight:     814
            value:      872 
            squality:   0.8925281473899693
            genotype:   0001000000...    
    
=================================================================================

    