
    
    Evaluation | 2020-04-24 19:28
    Configuration:  pso_default_17.json
                    
                    pso | #1000 | inertia=0.85 | n particles=100 | c1=0.5 | c2=0.4

=================================================================================
    
        weight value  squality                                           genotype
0      819   666  0.681679  [0, 0, 0, 0, 0, 0, 0, 0, 1, 1, 1, 0, 0, 0, 0, ...
1      817   604  0.618219  [0, 0, 0, 0, 0, 0, 0, 0, 1, 1, 1, 0, 0, 0, 0, ...
2      796   667  0.682702  [0, 0, 1, 0, 0, 0, 0, 0, 0, 0, 1, 0, 0, 0, 0, ...
3      790   700  0.716479  [0, 0, 0, 0, 1, 0, 0, 0, 1, 0, 1, 0, 0, 0, 0, ...
4      820   710  0.726714  [0, 0, 0, 0, 0, 0, 0, 0, 1, 1, 1, 0, 0, 0, 0, ...
..     ...   ...       ...                                                ...
995    809  1001  1.024565  [0, 0, 0, 0, 0, 0, 0, 0, 0, 1, 1, 0, 0, 0, 0, ...
996    822   487  0.498465  [0, 0, 0, 0, 0, 0, 0, 0, 0, 1, 1, 0, 0, 0, 0, ...
997    822  1030  1.054248  [0, 0, 0, 0, 0, 0, 0, 0, 0, 1, 1, 0, 0, 0, 0, ...
998    808   473  0.484135  [0, 0, 0, 0, 0, 0, 0, 0, 0, 1, 1, 0, 0, 0, 0, ...
999    805   526  0.538383  [0, 0, 0, 0, 0, 0, 0, 0, 0, 1, 1, 0, 0, 0, 0, ...

[1000 rows x 4 columns]
    
---------------------------------------------------------------------------------
    
    [Statistics]
    
    Runtime             1805517.5492 ms
    
    Convergence  
           
         weight value  squality
250     815   957  0.979529
500     798   708  0.724667
750     806   615  0.629478
1000    805   526  0.538383
    
    Plateau
    
    Longest sequence, 461-999 with improvement less average 3%
    
    Best Run
    
            index:      641 
            weight:     822
            value:      1030 
            squality:   1.0542476970317298
            genotype:   0000000001...    
    
=================================================================================

    