
    
    Evaluation | 2020-04-24 18:27
    Configuration:  pso_default_20.json
                    
                    pso | #1000 | inertia=1.15 | n particles=100 | c1=0.3 | c2=0.5

=================================================================================
    
        weight value  squality                                           genotype
0      814   665  0.680655  [0, 0, 0, 0, 1, 0, 1, 0, 0, 0, 0, 1, 1, 0, 1, ...
1      801   553  0.566018  [0, 0, 0, 0, 1, 0, 1, 0, 0, 0, 0, 1, 1, 0, 1, ...
2      813   511  0.523030  [0, 0, 0, 0, 1, 0, 1, 0, 0, 0, 0, 1, 1, 0, 1, ...
3      787   456  0.466735  [0, 0, 0, 0, 1, 0, 1, 0, 0, 0, 0, 1, 1, 0, 1, ...
4      818   425  0.435005  [0, 0, 0, 0, 1, 0, 1, 0, 0, 0, 0, 1, 1, 0, 1, ...
..     ...   ...       ...                                                ...
995    814   724  0.741044  [0, 0, 0, 0, 0, 0, 0, 0, 0, 0, 0, 1, 0, 1, 1, ...
996    797   551  0.563971  [0, 0, 0, 0, 0, 0, 0, 0, 0, 0, 0, 1, 0, 1, 1, ...
997    819   680  0.696008  [0, 0, 0, 0, 0, 0, 0, 0, 0, 0, 0, 1, 0, 1, 1, ...
998    812   622  0.636643  [0, 0, 0, 0, 0, 0, 0, 0, 0, 0, 0, 1, 0, 1, 1, ...
999    788   651  0.666325  [0, 0, 0, 0, 0, 0, 0, 0, 0, 0, 0, 1, 0, 1, 1, ...

[1000 rows x 4 columns]
    
---------------------------------------------------------------------------------
    
    [Statistics]
    
    Runtime             1416841.8736 ms
    
    Convergence  
           
         weight value  squality
250     809   632  0.646878
500     821   733  0.750256
750     818   506  0.517912
1000    788   651  0.666325
    
    Plateau
    
    Longest sequence, 34-999 with improvement less average 3%
    
    Best Run
    
            index:      985 
            weight:     816
            value:      841 
            squality:   0.8607983623336745
            genotype:   0000000000...    
    
=================================================================================

    