
    
    Evaluation | 2020-04-23 18:22
    Configuration:  pso_default_12.json
                    
                    pso | #10000 | inertia=0.85 | n particles=100 | c1=0.5 | c2=0.5

=================================================================================
    
         weight value  squality                                           genotype
0       621   418   0.42784  [0, 0, 1, 0, 0, 0, 0, 1, 0, 0, 0, 0, 0, 0, 0, ...
1       621   418   0.42784  [0, 0, 1, 0, 0, 0, 0, 1, 0, 0, 0, 0, 0, 0, 0, ...
2       621   418   0.42784  [0, 0, 1, 0, 0, 0, 0, 1, 0, 0, 0, 0, 0, 0, 0, ...
3       621   418   0.42784  [0, 0, 1, 0, 0, 0, 0, 1, 0, 0, 0, 0, 0, 0, 0, ...
4       621   418   0.42784  [0, 0, 1, 0, 0, 0, 0, 1, 0, 0, 0, 0, 0, 0, 0, ...
...     ...   ...       ...                                                ...
9995    621   418   0.42784  [0, 0, 1, 0, 0, 0, 0, 1, 0, 0, 0, 0, 0, 0, 0, ...
9996    621   418   0.42784  [0, 0, 1, 0, 0, 0, 0, 1, 0, 0, 0, 0, 0, 0, 0, ...
9997    621   418   0.42784  [0, 0, 1, 0, 0, 0, 0, 1, 0, 0, 0, 0, 0, 0, 0, ...
9998    621   418   0.42784  [0, 0, 1, 0, 0, 0, 0, 1, 0, 0, 0, 0, 0, 0, 0, ...
9999    621   418   0.42784  [0, 0, 1, 0, 0, 0, 0, 1, 0, 0, 0, 0, 0, 0, 0, ...

[10000 rows x 4 columns]
    
---------------------------------------------------------------------------------
    
    [Statistics]
    
    Runtime             892276.2614 ms
    
    Convergence  
           
          weight value  squality
2500     621   418   0.42784
5000     621   418   0.42784
7500     621   418   0.42784
10000    621   418   0.42784
    
    Plateau
    
    Longest sequence, 1-9999 with improvement less average 3%
    
    Best Run
    
            index:      0 
            weight:     621
            value:      418 
            squality:   0.4278403275332651
            genotype:   0010000100...    
    
=================================================================================

    