
    
    Evaluation | 2020-04-24 17:11
    Configuration:  pso_default_15.json
                    
                    pso | #1000 | inertia=0.85 | n particles=100 | c1=0.6 | c2=0.5

=================================================================================
    
        weight value  squality                                           genotype
0      816   625  0.639713  [0, 1, 0, 0, 0, 1, 1, 0, 0, 0, 0, 0, 0, 0, 0, ...
1      817   429  0.439099  [0, 1, 0, 0, 0, 1, 1, 0, 0, 0, 0, 0, 0, 0, 0, ...
2      808   686  0.702149  [0, 0, 1, 0, 0, 1, 0, 1, 1, 1, 1, 0, 0, 0, 1, ...
3      787   467  0.477994  [0, 0, 1, 0, 0, 1, 0, 1, 1, 1, 1, 0, 0, 0, 1, ...
4      799   421  0.430911  [0, 0, 1, 0, 0, 1, 0, 1, 1, 1, 1, 0, 0, 0, 1, ...
..     ...   ...       ...                                                ...
995    818  1067  1.092119  [0, 0, 0, 0, 0, 0, 0, 1, 0, 1, 1, 0, 0, 0, 1, ...
996    799   554  0.567042  [0, 0, 0, 0, 0, 0, 0, 1, 0, 1, 1, 0, 0, 0, 1, ...
997    822  1063  1.088025  [0, 0, 0, 0, 0, 0, 0, 1, 0, 1, 1, 0, 0, 0, 1, ...
998    111   163  0.166837  [0, 0, 0, 0, 0, 0, 0, 1, 0, 1, 1, 0, 0, 0, 1, ...
999    798   559  0.572160  [0, 0, 0, 0, 0, 0, 0, 1, 0, 1, 1, 0, 0, 0, 1, ...

[1000 rows x 4 columns]
    
---------------------------------------------------------------------------------
    
    [Statistics]
    
    Runtime             1953839.2534 ms
    
    Convergence  
           
         weight value  squality
250     819   985  1.008188
500     813   507  0.518936
750     798   608  0.622313
1000    798   559  0.572160
    
    Plateau
    
    Longest sequence, 566-995 with improvement less average 3%
    
    Best Run
    
            index:      995 
            weight:     818
            value:      1067 
            squality:   1.0921187308085978
            genotype:   0000000101...    
    
=================================================================================

    