
    
    Evaluation | 2020-04-24 21:01
    Configuration:  pso_default_11.json
                    
                    pso | #1000 | inertia=1.00 | n particles=100 | c1=0.5 | c2=0.6

=================================================================================
    
        weight value  squality                                           genotype
0      805   656  0.671443  [0, 1, 0, 0, 0, 0, 0, 1, 0, 1, 0, 0, 0, 1, 0, ...
1      815   660  0.675537  [0, 0, 1, 0, 0, 0, 0, 0, 0, 0, 0, 0, 0, 0, 0, ...
2      818   522  0.534289  [0, 0, 1, 0, 0, 0, 0, 0, 0, 0, 0, 0, 0, 0, 0, ...
3      811   664  0.679632  [0, 0, 1, 0, 0, 0, 0, 0, 0, 1, 0, 0, 0, 0, 0, ...
4      809   742  0.759468  [0, 1, 1, 0, 0, 0, 0, 1, 0, 1, 0, 0, 0, 1, 0, ...
..     ...   ...       ...                                                ...
995    818   893  0.914023  [0, 0, 0, 0, 0, 0, 0, 1, 0, 1, 1, 0, 0, 0, 0, ...
996    783   472  0.483112  [0, 0, 0, 0, 0, 0, 0, 1, 0, 1, 1, 0, 0, 0, 0, ...
997    818   893  0.914023  [0, 0, 0, 0, 0, 0, 0, 1, 0, 1, 1, 0, 0, 0, 0, ...
998    818   893  0.914023  [0, 0, 0, 0, 0, 0, 0, 1, 0, 1, 1, 0, 0, 0, 0, ...
999    818   893  0.914023  [0, 0, 0, 0, 0, 0, 0, 1, 0, 1, 1, 0, 0, 0, 0, ...

[1000 rows x 4 columns]
    
---------------------------------------------------------------------------------
    
    [Statistics]
    
    Runtime             685039.0572 ms
    
    Convergence  
           
         weight value  squality
250     818   893  0.914023
500     818   893  0.914023
750     818   893  0.914023
1000    818   893  0.914023
    
    Plateau
    
    Longest sequence, 55-999 with improvement less average 3%
    
    Best Run
    
            index:      147 
            weight:     818
            value:      893 
            squality:   0.9140225179119754
            genotype:   0000000101...    
    
=================================================================================

    