
    
    Evaluation | 2020-04-24 20:09
    Configuration:  pso_default_06.json
                    
                    pso | #1000 | inertia=1.00 | n particles=100 | c1=0.3 | c2=0.5

=================================================================================
    
        weight value  squality                                           genotype
0      805   666  0.681679  [0, 0, 1, 0, 0, 0, 0, 0, 0, 0, 1, 0, 0, 0, 0, ...
1      819   520  0.532242  [0, 0, 1, 0, 0, 0, 0, 0, 0, 0, 1, 0, 0, 0, 0, ...
2      810   707  0.723644  [1, 0, 0, 0, 0, 1, 1, 0, 0, 0, 0, 0, 0, 0, 0, ...
3      817   575  0.588536  [1, 0, 0, 0, 0, 1, 1, 0, 0, 0, 0, 0, 0, 0, 0, ...
4      804   521  0.533265  [1, 0, 0, 0, 0, 1, 1, 0, 0, 0, 0, 0, 0, 0, 0, ...
..     ...   ...       ...                                                ...
995    822   950  0.972364  [0, 0, 0, 0, 0, 0, 0, 0, 0, 0, 1, 0, 0, 0, 0, ...
996    790   575  0.588536  [0, 0, 0, 0, 0, 0, 0, 0, 0, 0, 1, 0, 0, 0, 0, ...
997    822   950  0.972364  [0, 0, 0, 0, 0, 0, 0, 0, 0, 0, 1, 0, 0, 0, 0, ...
998    822   950  0.972364  [0, 0, 0, 0, 0, 0, 0, 0, 0, 0, 1, 0, 0, 0, 0, ...
999    822   950  0.972364  [0, 0, 0, 0, 0, 0, 0, 0, 0, 0, 1, 0, 0, 0, 0, ...

[1000 rows x 4 columns]
    
---------------------------------------------------------------------------------
    
    [Statistics]
    
    Runtime             782815.4975 ms
    
    Convergence  
           
         weight value  squality
250     812   938  0.960082
500     822   950  0.972364
750     822   950  0.972364
1000    822   950  0.972364
    
    Plateau
    
    Longest sequence, 75-999 with improvement less average 3%
    
    Best Run
    
            index:      340 
            weight:     822
            value:      950 
            squality:   0.9723643807574207
            genotype:   0000000000...    
    
=================================================================================

    