
    
    Evaluation | 2020-04-24 14:06
    Configuration:  pso_default_09.json
                    
                    pso | #1000 | inertia=1.00 | n particles=100 | c1=0.5 | c2=0.3

=================================================================================
    
        weight value  squality                                           genotype
0      793   666  0.681679  [0, 0, 0, 0, 0, 0, 1, 0, 0, 0, 0, 0, 0, 0, 0, ...
1      820   688  0.704197  [1, 0, 0, 0, 0, 0, 0, 0, 0, 0, 0, 0, 1, 0, 0, ...
2      794   518  0.530194  [1, 0, 0, 0, 0, 0, 0, 0, 0, 0, 0, 0, 1, 0, 0, ...
3      163   170  0.174002  [1, 0, 0, 0, 0, 0, 0, 0, 0, 0, 0, 0, 1, 0, 0, ...
4      804   481  0.492323  [1, 0, 0, 0, 0, 0, 0, 0, 0, 0, 0, 0, 1, 0, 0, ...
..     ...   ...       ...                                                ...
995    822   980  1.003071  [0, 0, 0, 0, 0, 0, 0, 0, 0, 1, 1, 0, 0, 0, 0, ...
996    816   540  0.552712  [0, 0, 0, 0, 0, 0, 0, 0, 0, 1, 1, 0, 0, 0, 0, ...
997    815   515  0.527124  [0, 0, 0, 0, 0, 0, 0, 0, 0, 1, 1, 0, 0, 0, 0, ...
998    822   980  1.003071  [0, 0, 0, 0, 0, 0, 0, 0, 0, 1, 1, 0, 0, 0, 0, ...
999    822   980  1.003071  [0, 0, 0, 0, 0, 0, 0, 0, 0, 1, 1, 0, 0, 0, 0, ...

[1000 rows x 4 columns]
    
---------------------------------------------------------------------------------
    
    [Statistics]
    
    Runtime             769560.567 ms
    
    Convergence  
           
         weight value  squality
250     822   980  1.003071
500     822   980  1.003071
750     822   980  1.003071
1000    822   980  1.003071
    
    Plateau
    
    Longest sequence, 102-999 with improvement less average 3%
    
    Best Run
    
            index:      165 
            weight:     822
            value:      980 
            squality:   1.0030706243602865
            genotype:   0000000001...    
    
=================================================================================

    