
    
    Evaluation | 2020-04-24 12:49
    Configuration:  pso_default_12.json
                    
                    pso | #1000 | inertia=0.85 | n particles=100 | c1=0.5 | c2=0.5

=================================================================================
    
        weight value  squality                                           genotype
0      811   659  0.674514  [0, 0, 1, 0, 0, 0, 0, 1, 0, 1, 0, 1, 0, 1, 0, ...
1      819   464  0.474923  [0, 0, 1, 0, 0, 0, 0, 1, 0, 1, 0, 1, 0, 1, 0, ...
2      819   671  0.686796  [0, 0, 0, 1, 0, 0, 0, 1, 0, 0, 0, 0, 0, 0, 0, ...
3      800   709  0.725691  [0, 0, 1, 1, 0, 0, 0, 1, 0, 1, 0, 1, 0, 1, 0, ...
4      811   547  0.559877  [0, 0, 1, 1, 0, 0, 0, 1, 0, 1, 0, 1, 0, 1, 0, ...
..     ...   ...       ...                                                ...
995    811  1002  1.025589  [0, 0, 0, 0, 0, 0, 1, 1, 0, 1, 1, 0, 0, 0, 0, ...
996    822   486  0.497441  [0, 0, 0, 0, 0, 0, 1, 1, 0, 1, 1, 0, 0, 0, 0, ...
997    808   476  0.487206  [0, 0, 0, 0, 0, 0, 1, 1, 0, 1, 1, 0, 0, 0, 0, ...
998    811   612  0.626407  [0, 0, 0, 0, 0, 0, 1, 1, 0, 1, 1, 0, 0, 0, 0, ...
999    821  1020  1.044012  [0, 0, 0, 0, 0, 0, 1, 1, 0, 1, 1, 0, 0, 0, 0, ...

[1000 rows x 4 columns]
    
---------------------------------------------------------------------------------
    
    [Statistics]
    
    Runtime             2115697.8391 ms
    
    Convergence  
           
         weight value  squality
250     820   431  0.441146
500     818   433  0.443193
750     799   515  0.527124
1000    821  1020  1.044012
    
    Plateau
    
    Longest sequence, 670-999 with improvement less average 3%
    
    Best Run
    
            index:      718 
            weight:     821
            value:      1020 
            squality:   1.0440122824974412
            genotype:   0000001101...    
    
=================================================================================

    