
    
    Evaluation | 2020-04-24 14:58
    Configuration:  pso_default_13.json
                    
                    pso | #1000 | inertia=0.85 | n particles=100 | c1=0.3 | c2=0.5

=================================================================================
    
        weight value  squality                                           genotype
0      818   671  0.686796  [0, 1, 0, 0, 0, 0, 1, 0, 0, 1, 1, 0, 1, 0, 0, ...
1      816   424  0.433982  [0, 1, 0, 0, 0, 0, 1, 0, 0, 1, 1, 0, 1, 0, 0, ...
2      820   587  0.600819  [0, 1, 0, 0, 0, 0, 1, 0, 0, 1, 1, 0, 1, 0, 0, ...
3      798   439  0.449335  [0, 1, 0, 0, 0, 0, 1, 0, 0, 1, 1, 0, 1, 0, 0, ...
4      807   678  0.693961  [0, 1, 0, 0, 0, 0, 1, 1, 1, 1, 0, 0, 0, 0, 0, ...
..     ...   ...       ...                                                ...
995    790   522  0.534289  [0, 0, 0, 0, 0, 0, 0, 1, 0, 1, 1, 0, 0, 0, 0, ...
996    471   544  0.556807  [0, 0, 0, 0, 0, 0, 0, 1, 0, 1, 1, 0, 0, 0, 0, ...
997    822  1025  1.049130  [0, 0, 0, 0, 0, 0, 0, 1, 0, 1, 1, 0, 0, 0, 0, ...
998    802   627  0.641760  [0, 0, 0, 0, 0, 0, 0, 1, 0, 1, 1, 0, 0, 0, 0, ...
999    801   586  0.599795  [0, 0, 0, 0, 0, 0, 0, 1, 0, 1, 1, 0, 0, 0, 0, ...

[1000 rows x 4 columns]
    
---------------------------------------------------------------------------------
    
    [Statistics]
    
    Runtime             2294565.0622 ms
    
    Convergence  
           
         weight value  squality
250     810   487  0.498465
500     808   451  0.461617
750     787   495  0.506653
1000    801   586  0.599795
    
    Plateau
    
    Longest sequence, 340-999 with improvement less average 3%
    
    Best Run
    
            index:      843 
            weight:     822
            value:      1025 
            squality:   1.0491299897645854
            genotype:   0000000101...    
    
=================================================================================

    