
    
    Evaluation | 2020-04-24 13:09
    Configuration:  pso_default_08.json
                    
                    pso | #1000 | inertia=1.00 | n particles=100 | c1=0.6 | c2=0.5

=================================================================================
    
        weight value  squality                                           genotype
0      810   646  0.661208  [1, 0, 0, 0, 1, 0, 1, 0, 0, 0, 0, 1, 0, 0, 0, ...
1      814   597  0.611054  [1, 0, 0, 0, 1, 0, 1, 0, 0, 0, 0, 1, 0, 0, 0, ...
2      822   654  0.669396  [0, 0, 0, 1, 0, 0, 1, 0, 0, 0, 0, 1, 0, 0, 0, ...
3      784   431  0.441146  [0, 0, 0, 1, 0, 0, 1, 0, 0, 0, 0, 1, 0, 0, 0, ...
4      815   680  0.696008  [0, 0, 0, 0, 0, 0, 0, 0, 0, 0, 1, 0, 0, 0, 0, ...
..     ...   ...       ...                                                ...
995    822   924  0.945752  [0, 0, 0, 1, 0, 0, 1, 0, 0, 0, 1, 1, 0, 0, 0, ...
996    822   924  0.945752  [0, 0, 0, 1, 0, 0, 1, 0, 0, 0, 1, 1, 0, 0, 0, ...
997    822   924  0.945752  [0, 0, 0, 1, 0, 0, 1, 0, 0, 0, 1, 1, 0, 0, 0, ...
998    807   550  0.562948  [0, 0, 0, 1, 0, 0, 1, 0, 0, 0, 1, 1, 0, 0, 0, ...
999    822   924  0.945752  [0, 0, 0, 1, 0, 0, 1, 0, 0, 0, 1, 1, 0, 0, 0, ...

[1000 rows x 4 columns]
    
---------------------------------------------------------------------------------
    
    [Statistics]
    
    Runtime             715324.5743 ms
    
    Convergence  
           
         weight value  squality
250     798   907  0.928352
500     822   924  0.945752
750     822   924  0.945752
1000    822   924  0.945752
    
    Plateau
    
    Longest sequence, 138-999 with improvement less average 3%
    
    Best Run
    
            index:      198 
            weight:     822
            value:      924 
            squality:   0.9457523029682702
            genotype:   0001001000...    
    
=================================================================================

    