
    
    Evaluation | 2020-04-24 12:57
    Configuration:  pso_default_04.json
                    
                    pso | #1000 | inertia=1.00 | n particles=100 | c1=0.5 | c2=0.5

=================================================================================
    
        weight value  squality                                           genotype
0      819   625  0.639713  [0, 0, 0, 1, 0, 0, 0, 0, 0, 0, 1, 0, 0, 0, 0, ...
1      795   512  0.524053  [0, 0, 0, 1, 0, 0, 0, 0, 0, 0, 1, 0, 0, 0, 0, ...
2      813   654  0.669396  [0, 0, 0, 0, 0, 0, 1, 1, 0, 0, 0, 1, 0, 0, 0, ...
3      812   679  0.694985  [1, 0, 0, 0, 0, 0, 0, 0, 0, 1, 0, 1, 0, 0, 0, ...
4      816   721  0.737973  [0, 0, 0, 0, 0, 1, 0, 1, 0, 1, 1, 0, 0, 1, 0, ...
..     ...   ...       ...                                                ...
995    822   995  1.018424  [0, 0, 0, 0, 0, 0, 0, 1, 1, 1, 1, 0, 0, 0, 0, ...
996    822   995  1.018424  [0, 0, 0, 0, 0, 0, 0, 1, 1, 1, 1, 0, 0, 0, 0, ...
997    822   995  1.018424  [0, 0, 0, 0, 0, 0, 0, 1, 1, 1, 1, 0, 0, 0, 0, ...
998    822   995  1.018424  [0, 0, 0, 0, 0, 0, 0, 1, 1, 1, 1, 0, 0, 0, 0, ...
999    822   995  1.018424  [0, 0, 0, 0, 0, 0, 0, 1, 1, 1, 1, 0, 0, 0, 0, ...

[1000 rows x 4 columns]
    
---------------------------------------------------------------------------------
    
    [Statistics]
    
    Runtime             487882.4679 ms
    
    Convergence  
           
         weight value  squality
250     822   947  0.969294
500     822   981  1.004094
750     822   995  1.018424
1000    822   995  1.018424
    
    Plateau
    
    Longest sequence, 330-999 with improvement less average 3%
    
    Best Run
    
            index:      609 
            weight:     822
            value:      995 
            squality:   1.0184237461617196
            genotype:   0000000111...    
    
=================================================================================

    