
    
    Evaluation | 2020-04-24 21:55
    Configuration:  pso_default_07.json
                    
                    pso | #1000 | inertia=1.00 | n particles=100 | c1=0.4 | c2=0.5

=================================================================================
    
        weight value  squality                                           genotype
0      812   647  0.662231  [0, 0, 0, 0, 0, 0, 1, 0, 1, 0, 0, 0, 1, 1, 0, ...
1      821   660  0.675537  [0, 0, 0, 0, 0, 0, 0, 0, 0, 1, 0, 0, 0, 1, 0, ...
2      812   698  0.714432  [0, 0, 0, 0, 0, 0, 1, 0, 1, 1, 0, 0, 1, 1, 0, ...
3       23    30  0.030706  [0, 0, 0, 0, 0, 0, 1, 0, 1, 1, 0, 0, 1, 1, 0, ...
4      809   702  0.718526  [0, 0, 0, 0, 0, 0, 1, 0, 0, 1, 0, 0, 1, 1, 0, ...
..     ...   ...       ...                                                ...
995    813   954  0.976459  [0, 0, 0, 0, 0, 0, 0, 0, 0, 1, 0, 0, 0, 0, 0, ...
996    813   954  0.976459  [0, 0, 0, 0, 0, 0, 0, 0, 0, 1, 0, 0, 0, 0, 0, ...
997    813   954  0.976459  [0, 0, 0, 0, 0, 0, 0, 0, 0, 1, 0, 0, 0, 0, 0, ...
998    794   481  0.492323  [0, 0, 0, 0, 0, 0, 0, 0, 0, 1, 0, 0, 0, 0, 0, ...
999    813   954  0.976459  [0, 0, 0, 0, 0, 0, 0, 0, 0, 1, 0, 0, 0, 0, 0, ...

[1000 rows x 4 columns]
    
---------------------------------------------------------------------------------
    
    [Statistics]
    
    Runtime             850471.8383 ms
    
    Convergence  
           
         weight value  squality
250     784   549  0.561924
500     813   954  0.976459
750     813   954  0.976459
1000    813   954  0.976459
    
    Plateau
    
    Longest sequence, 52-999 with improvement less average 3%
    
    Best Run
    
            index:      214 
            weight:     813
            value:      954 
            squality:   0.9764585465711362
            genotype:   0000000001...    
    
=================================================================================

    