
    
    Evaluation | 2020-04-24 13:54
    Configuration:  pso_default_25.json
                    
                    pso | #1000 | inertia=1.15 | n particles=100 | c1=0.5 | c2=0.6

=================================================================================
    
        weight value  squality                                           genotype
0      804   656  0.671443  [0, 1, 0, 1, 0, 0, 0, 0, 0, 1, 1, 1, 0, 0, 0, ...
1      811   685  0.701126  [0, 0, 1, 0, 0, 0, 0, 1, 1, 0, 0, 0, 1, 0, 1, ...
2      819   745  0.762538  [0, 0, 0, 0, 0, 0, 0, 0, 0, 1, 1, 1, 1, 0, 1, ...
3      785   463  0.473900  [0, 0, 0, 0, 0, 0, 0, 0, 0, 1, 1, 1, 1, 0, 1, ...
4      810   773  0.791198  [0, 0, 1, 0, 0, 0, 0, 1, 0, 1, 1, 1, 0, 0, 1, ...
..     ...   ...       ...                                                ...
995    807   498  0.509724  [0, 0, 0, 0, 0, 0, 0, 1, 0, 1, 0, 1, 0, 0, 1, ...
996    809   724  0.741044  [0, 0, 0, 0, 0, 0, 0, 1, 0, 1, 0, 1, 0, 0, 1, ...
997    811   751  0.768680  [0, 0, 0, 0, 0, 0, 0, 1, 0, 1, 0, 1, 0, 0, 1, ...
998    808   780  0.798362  [0, 0, 0, 0, 0, 0, 0, 1, 0, 1, 0, 1, 0, 0, 1, ...
999    820   796  0.814739  [0, 0, 0, 0, 0, 0, 0, 1, 0, 1, 0, 1, 0, 0, 1, ...

[1000 rows x 4 columns]
    
---------------------------------------------------------------------------------
    
    [Statistics]
    
    Runtime             1237234.2624 ms
    
    Convergence  
           
         weight value  squality
250     814   745  0.762538
500     814   762  0.779939
750     812   655  0.670420
1000    820   796  0.814739
    
    Plateau
    
    Longest sequence, 16-999 with improvement less average 3%
    
    Best Run
    
            index:      558 
            weight:     807
            value:      868 
            squality:   0.8884339815762539
            genotype:   0000000101...    
    
=================================================================================

    