
    
    Evaluation | 2020-04-24 16:34
    Configuration:  pso_default_14.json
                    
                    pso | #1000 | inertia=0.85 | n particles=100 | c1=0.4 | c2=0.5

=================================================================================
    
        weight value  squality                                           genotype
0      816   660  0.675537  [0, 0, 0, 1, 0, 0, 0, 0, 0, 0, 1, 0, 0, 0, 0, ...
1      798   668  0.683726  [0, 1, 0, 0, 1, 0, 0, 0, 0, 0, 0, 1, 0, 0, 1, ...
2      815   670  0.685773  [0, 0, 0, 1, 0, 0, 0, 0, 1, 1, 0, 0, 0, 1, 0, ...
3      813   733  0.750256  [0, 0, 0, 0, 0, 0, 0, 0, 0, 0, 0, 0, 0, 0, 1, ...
4      806   545  0.557830  [0, 0, 0, 0, 0, 0, 0, 0, 0, 0, 0, 0, 0, 0, 1, ...
..     ...   ...       ...                                                ...
995    796   560  0.573183  [0, 0, 0, 0, 0, 0, 0, 0, 0, 1, 0, 0, 0, 0, 1, ...
996    792   485  0.496418  [0, 0, 0, 0, 0, 0, 0, 0, 0, 1, 0, 0, 0, 0, 1, ...
997    798   439  0.449335  [0, 0, 0, 0, 0, 0, 0, 0, 0, 1, 0, 0, 0, 0, 1, ...
998    822  1018  1.041965  [0, 0, 0, 0, 0, 0, 0, 0, 0, 1, 0, 0, 0, 0, 1, ...
999    822  1018  1.041965  [0, 0, 0, 0, 0, 0, 0, 0, 0, 1, 0, 0, 0, 0, 1, ...

[1000 rows x 4 columns]
    
---------------------------------------------------------------------------------
    
    [Statistics]
    
    Runtime             2187067.6067 ms
    
    Convergence  
           
         weight value  squality
250     808   486  0.497441
500     807   497  0.508700
750     792   440  0.450358
1000    822  1018  1.041965
    
    Plateau
    
    Longest sequence, 71-674 with improvement less average 3%
    
    Best Run
    
            index:      903 
            weight:     822
            value:      1018 
            squality:   1.0419651995905834
            genotype:   0000000001...    
    
=================================================================================

    