
    
    Evaluation | 2020-04-24 19:56
    Configuration:  pso_default_21.json
                    
                    pso | #1000 | inertia=1.15 | n particles=100 | c1=0.4 | c2=0.5

=================================================================================
    
        weight value  squality                                           genotype
0      798   655  0.670420  [0, 0, 0, 0, 1, 0, 0, 1, 1, 0, 0, 0, 0, 0, 0, ...
1      822   583  0.596725  [0, 0, 0, 0, 1, 0, 0, 1, 1, 0, 0, 0, 0, 0, 0, ...
2      788   474  0.485159  [0, 0, 0, 0, 1, 0, 0, 1, 1, 0, 0, 0, 0, 0, 0, ...
3      636   537  0.549642  [0, 0, 0, 0, 1, 0, 0, 1, 1, 0, 0, 0, 0, 0, 0, ...
4      814   667  0.682702  [1, 1, 0, 0, 0, 0, 0, 1, 1, 0, 0, 0, 1, 0, 0, ...
..     ...   ...       ...                                                ...
995    818   749  0.766633  [0, 0, 0, 0, 1, 0, 0, 1, 1, 0, 0, 0, 0, 0, 0, ...
996    789   757  0.774821  [0, 0, 0, 0, 1, 0, 0, 1, 1, 0, 0, 0, 0, 0, 0, ...
997    800   712  0.728762  [0, 0, 0, 0, 1, 0, 0, 1, 1, 0, 0, 0, 0, 0, 0, ...
998    797   457  0.467758  [0, 0, 0, 0, 1, 0, 0, 1, 1, 0, 0, 0, 0, 0, 0, ...
999    792   671  0.686796  [0, 0, 0, 0, 1, 0, 0, 1, 1, 0, 0, 0, 0, 0, 0, ...

[1000 rows x 4 columns]
    
---------------------------------------------------------------------------------
    
    [Statistics]
    
    Runtime             1284025.3414 ms
    
    Convergence  
           
         weight value  squality
250     818   778  0.796315
500     799   709  0.725691
750     803   445  0.455476
1000    792   671  0.686796
    
    Plateau
    
    Longest sequence, 26-999 with improvement less average 3%
    
    Best Run
    
            index:      645 
            weight:     798
            value:      841 
            squality:   0.8607983623336745
            genotype:   0000100110...    
    
=================================================================================

    