
    
    Evaluation | 2020-04-24 15:57
    Configuration:  pso_default_22.json
                    
                    pso | #1000 | inertia=1.15 | n particles=100 | c1=0.6 | c2=0.5

=================================================================================
    
        weight value  squality                                           genotype
0      796   659  0.674514  [0, 0, 0, 0, 1, 1, 0, 0, 1, 0, 1, 0, 0, 0, 0, ...
1      797   589  0.602866  [0, 0, 0, 0, 1, 1, 0, 0, 1, 0, 1, 0, 0, 0, 0, ...
2      798   376  0.384852  [0, 0, 0, 0, 1, 1, 0, 0, 1, 0, 1, 0, 0, 0, 0, ...
3      818   671  0.686796  [0, 0, 0, 0, 0, 0, 0, 0, 0, 1, 0, 0, 1, 0, 0, ...
4      820   719  0.735926  [0, 0, 0, 0, 1, 0, 0, 0, 0, 1, 1, 0, 1, 0, 0, ...
..     ...   ...       ...                                                ...
995    811   726  0.743091  [0, 0, 0, 0, 0, 1, 0, 0, 0, 1, 1, 0, 1, 0, 0, ...
996    822   745  0.762538  [0, 0, 0, 0, 0, 1, 0, 0, 0, 1, 1, 0, 1, 0, 0, ...
997    790   710  0.726714  [0, 0, 0, 0, 0, 1, 0, 0, 0, 1, 1, 0, 1, 0, 0, ...
998    784   487  0.498465  [0, 0, 0, 0, 0, 1, 0, 0, 0, 1, 1, 0, 1, 0, 0, ...
999    812   772  0.790174  [0, 0, 0, 0, 0, 1, 0, 0, 0, 1, 1, 0, 1, 0, 0, ...

[1000 rows x 4 columns]
    
---------------------------------------------------------------------------------
    
    [Statistics]
    
    Runtime             1601945.2129 ms
    
    Convergence  
           
         weight value  squality
250     816   757  0.774821
500     798   760  0.777892
750     807   658  0.673490
1000    812   772  0.790174
    
    Plateau
    
    Longest sequence, 67-999 with improvement less average 3%
    
    Best Run
    
            index:      875 
            weight:     814
            value:      833 
            squality:   0.8526100307062436
            genotype:   0000010001...    
    
=================================================================================

    