
    
    Evaluation | 2020-04-24 17:35
    Configuration:  pso_default_23.json
                    
                    pso | #1000 | inertia=1.15 | n particles=100 | c1=0.5 | c2=0.3

=================================================================================
    
        weight value  squality                                           genotype
0      815   653  0.668373  [0, 1, 0, 0, 0, 0, 0, 0, 0, 0, 0, 0, 0, 1, 0, ...
1      818   510  0.522006  [0, 1, 0, 0, 0, 0, 0, 0, 0, 0, 0, 0, 0, 1, 0, ...
2      813   408  0.417605  [0, 1, 0, 0, 0, 0, 0, 0, 0, 0, 0, 0, 0, 1, 0, ...
3      822   526  0.538383  [0, 1, 0, 0, 0, 0, 0, 0, 0, 0, 0, 0, 0, 1, 0, ...
4      811   635  0.649949  [0, 1, 0, 0, 0, 0, 0, 0, 0, 0, 0, 0, 0, 1, 0, ...
..     ...   ...       ...                                                ...
995    809   801  0.819857  [0, 0, 0, 0, 0, 0, 0, 0, 0, 1, 0, 0, 0, 1, 0, ...
996    818   740  0.757421  [0, 0, 0, 0, 0, 0, 0, 0, 0, 1, 0, 0, 0, 1, 0, ...
997    805   568  0.581372  [0, 0, 0, 0, 0, 0, 0, 0, 0, 1, 0, 0, 0, 1, 0, ...
998    818   720  0.736950  [0, 0, 0, 0, 0, 0, 0, 0, 0, 1, 0, 0, 0, 1, 0, ...
999    789   746  0.763562  [0, 0, 0, 0, 0, 0, 0, 0, 0, 1, 0, 0, 0, 1, 0, ...

[1000 rows x 4 columns]
    
---------------------------------------------------------------------------------
    
    [Statistics]
    
    Runtime             1392628.9 ms
    
    Convergence  
           
         weight value  squality
250     805   757  0.774821
500     777   700  0.716479
750     815   736  0.753327
1000    789   746  0.763562
    
    Plateau
    
    Longest sequence, 69-903 with improvement less average 3%
    
    Best Run
    
            index:      903 
            weight:     816
            value:      900 
            squality:   0.9211873080859775
            genotype:   0000000001...    
    
=================================================================================

    