
    
    Evaluation | 2020-04-24 19:35
    Configuration:  pso_default_01.json
                    
                    pso | #1000 | inertia=1.00 | n particles=100 | c1=0.5 | c2=0.5

=================================================================================
    
        weight value  squality                                           genotype
0      822   676  0.691914  [0, 0, 0, 0, 1, 0, 0, 0, 0, 1, 0, 0, 1, 0, 0, ...
1      818   472  0.483112  [0, 0, 0, 0, 1, 0, 0, 0, 0, 1, 0, 0, 1, 0, 0, ...
2      804   543  0.555783  [0, 0, 0, 0, 1, 0, 0, 0, 0, 1, 0, 0, 1, 0, 0, ...
3      806   697  0.713408  [0, 0, 0, 0, 0, 0, 0, 0, 1, 0, 0, 1, 0, 0, 0, ...
4      713   595  0.609007  [0, 0, 0, 0, 0, 0, 0, 0, 1, 0, 0, 1, 0, 0, 0, ...
..     ...   ...       ...                                                ...
995    792   893  0.914023  [0, 0, 0, 0, 0, 0, 0, 0, 0, 1, 0, 0, 0, 0, 0, ...
996    818   933  0.954964  [0, 0, 0, 0, 0, 0, 0, 0, 0, 1, 0, 0, 0, 0, 0, ...
997    822   938  0.960082  [0, 0, 0, 0, 0, 0, 0, 0, 0, 1, 0, 0, 0, 0, 0, ...
998    775   440  0.450358  [0, 0, 0, 0, 0, 0, 0, 0, 0, 1, 0, 0, 0, 0, 0, ...
999    822   938  0.960082  [0, 0, 0, 0, 0, 0, 0, 0, 0, 1, 0, 0, 0, 0, 0, ...

[1000 rows x 4 columns]
    
---------------------------------------------------------------------------------
    
    [Statistics]
    
    Runtime             383013.9104 ms
    
    Convergence  
           
         weight value  squality
250     822   861  0.881269
500     821   886  0.906858
750     811   669  0.684749
1000    822   938  0.960082
    
    Plateau
    
    Longest sequence, 288-939 with improvement less average 3%
    
    Best Run
    
            index:      963 
            weight:     822
            value:      938 
            squality:   0.9600818833162743
            genotype:   0000000001...    
    
=================================================================================

    