
    
    Evaluation | 2020-04-24 16:39
    Configuration:  pso_default_03.json
                    
                    pso | #1000 | inertia=1.00 | n particles=25 | c1=0.5 | c2=0.5

=================================================================================
    
        weight value  squality                                           genotype
0      800   643  0.658137  [0, 0, 0, 0, 0, 1, 0, 0, 0, 0, 1, 0, 0, 0, 1, ...
1      820   549  0.561924  [0, 0, 0, 0, 0, 1, 0, 0, 0, 0, 1, 0, 0, 0, 1, ...
2      821   654  0.669396  [0, 1, 0, 0, 0, 0, 0, 0, 0, 1, 1, 0, 0, 0, 0, ...
3      795   655  0.670420  [0, 0, 0, 0, 0, 0, 0, 0, 0, 0, 1, 0, 0, 0, 1, ...
4      811   669  0.684749  [0, 0, 0, 0, 0, 1, 0, 0, 0, 0, 1, 0, 0, 0, 1, ...
..     ...   ...       ...                                                ...
995    818   999  1.022518  [0, 0, 0, 0, 0, 0, 0, 0, 0, 1, 1, 0, 0, 0, 1, ...
996    818   999  1.022518  [0, 0, 0, 0, 0, 0, 0, 0, 0, 1, 1, 0, 0, 0, 1, ...
997    818   999  1.022518  [0, 0, 0, 0, 0, 0, 0, 0, 0, 1, 1, 0, 0, 0, 1, ...
998    818   999  1.022518  [0, 0, 0, 0, 0, 0, 0, 0, 0, 1, 1, 0, 0, 0, 1, ...
999    818   999  1.022518  [0, 0, 0, 0, 0, 0, 0, 0, 0, 1, 1, 0, 0, 0, 1, ...

[1000 rows x 4 columns]
    
---------------------------------------------------------------------------------
    
    [Statistics]
    
    Runtime             105746.9652 ms
    
    Convergence  
           
         weight value  squality
250     821   932  0.953941
500     798   832  0.851586
750     783   962  0.984647
1000    818   999  1.022518
    
    Plateau
    
    Longest sequence, 457-999 with improvement less average 3%
    
    Best Run
    
            index:      692 
            weight:     818
            value:      999 
            squality:   1.022517911975435
            genotype:   0000000001...    
    
=================================================================================

    