
    
    Evaluation | 2020-04-24 18:04
    Configuration:  pso_default_19.json
                    
                    pso | #1000 | inertia=1.15 | n particles=100 | c1=0.5 | c2=0.5

=================================================================================
    
        weight value  squality                                           genotype
0      813   668  0.683726  [0, 0, 0, 0, 0, 0, 0, 1, 0, 1, 1, 1, 0, 0, 0, ...
1      819   432  0.442170  [0, 0, 0, 0, 0, 0, 0, 1, 0, 1, 1, 1, 0, 0, 0, ...
2      815   520  0.532242  [0, 0, 0, 0, 0, 0, 0, 1, 0, 1, 1, 1, 0, 0, 0, ...
3      817   494  0.505629  [0, 0, 0, 0, 0, 0, 0, 1, 0, 1, 1, 1, 0, 0, 0, ...
4      819   514  0.526100  [0, 0, 0, 0, 0, 0, 0, 1, 0, 1, 1, 1, 0, 0, 0, ...
..     ...   ...       ...                                                ...
995    816   635  0.649949  [0, 0, 0, 0, 0, 0, 0, 1, 1, 1, 1, 0, 0, 0, 0, ...
996    820   783  0.801433  [0, 0, 0, 0, 0, 0, 0, 1, 1, 1, 1, 0, 0, 0, 0, ...
997    809   492  0.503582  [0, 0, 0, 0, 0, 0, 0, 1, 1, 1, 1, 0, 0, 0, 0, ...
998    814   659  0.674514  [0, 0, 0, 0, 0, 0, 0, 1, 1, 1, 1, 0, 0, 0, 0, ...
999    809   741  0.758444  [0, 0, 0, 0, 0, 0, 0, 1, 1, 1, 1, 0, 0, 0, 0, ...

[1000 rows x 4 columns]
    
---------------------------------------------------------------------------------
    
    [Statistics]
    
    Runtime             1122818.7961 ms
    
    Convergence  
           
         weight value  squality
250     819   525  0.537359
500     803   730  0.747185
750     807   685  0.701126
1000    809   741  0.758444
    
    Plateau
    
    Longest sequence, 179-999 with improvement less average 3%
    
    Best Run
    
            index:      390 
            weight:     809
            value:      846 
            squality:   0.8659160696008188
            genotype:   0000000111...    
    
=================================================================================

    