
    
    Evaluation | 2020-04-24 15:30
    Configuration:  pso_default_18.json
                    
                    pso | #1000 | inertia=0.85 | n particles=100 | c1=0.5 | c2=0.6

=================================================================================
    
        weight value  squality                                           genotype
0      820   652  0.667349  [0, 0, 0, 0, 0, 0, 0, 1, 0, 0, 1, 0, 0, 1, 0, ...
1      809   565  0.578301  [0, 0, 0, 0, 0, 0, 0, 1, 0, 0, 1, 0, 0, 1, 0, ...
2      787   572  0.585466  [0, 0, 0, 0, 0, 0, 0, 1, 0, 0, 1, 0, 0, 1, 0, ...
3      792   584  0.597748  [0, 0, 0, 0, 0, 0, 0, 1, 0, 0, 1, 0, 0, 1, 0, ...
4      814   681  0.697032  [0, 0, 0, 0, 1, 0, 0, 0, 0, 1, 0, 1, 0, 1, 0, ...
..     ...   ...       ...                                                ...
995    819   819  0.838280  [0, 0, 0, 0, 0, 0, 0, 0, 0, 1, 1, 0, 0, 0, 0, ...
996    791   459  0.469806  [0, 0, 0, 0, 0, 0, 0, 0, 0, 1, 1, 0, 0, 0, 0, ...
997    720   920  0.941658  [0, 0, 0, 0, 0, 0, 0, 0, 0, 1, 1, 0, 0, 0, 0, ...
998    821  1047  1.071648  [0, 0, 0, 0, 0, 0, 0, 0, 0, 1, 1, 0, 0, 0, 0, ...
999    798   488  0.499488  [0, 0, 0, 0, 0, 0, 0, 0, 0, 1, 1, 0, 0, 0, 0, ...

[1000 rows x 4 columns]
    
---------------------------------------------------------------------------------
    
    [Statistics]
    
    Runtime             1939875.5975 ms
    
    Convergence  
           
         weight value  squality
250     814   993  1.016377
500     813   522  0.534289
750     798   460  0.470829
1000    798   488  0.499488
    
    Plateau
    
    Longest sequence, 246-729 with improvement less average 3%
    
    Best Run
    
            index:      987 
            weight:     821
            value:      1047 
            squality:   1.0716479017400204
            genotype:   0000000001...    
    
=================================================================================

    