
    
    Evaluation | 2020-04-24 20:44
    Configuration:  pso_default_10.json
                    
                    pso | #1000 | inertia=1.00 | n particles=100 | c1=0.5 | c2=0.4

=================================================================================
    
        weight value  squality                                           genotype
0      789   715  0.731832  [0, 0, 0, 0, 0, 0, 0, 0, 0, 0, 0, 0, 0, 0, 1, ...
1      821   511  0.523030  [0, 0, 0, 0, 0, 0, 0, 0, 0, 0, 0, 0, 0, 0, 1, ...
2      814   526  0.538383  [0, 0, 0, 0, 0, 0, 0, 0, 0, 0, 0, 0, 0, 0, 1, ...
3      818   610  0.624360  [0, 0, 0, 0, 0, 0, 0, 0, 0, 0, 0, 0, 0, 0, 1, ...
4      810   529  0.541453  [0, 0, 0, 0, 0, 0, 0, 0, 0, 0, 0, 0, 0, 0, 1, ...
..     ...   ...       ...                                                ...
995    822   527  0.539406  [0, 0, 0, 0, 0, 0, 0, 0, 0, 0, 0, 0, 0, 0, 1, ...
996    810   499  0.510747  [0, 0, 0, 0, 0, 0, 0, 0, 0, 0, 0, 0, 0, 0, 1, ...
997    816   899  0.920164  [0, 0, 0, 0, 0, 0, 0, 0, 0, 0, 0, 0, 0, 0, 1, ...
998    811   578  0.591607  [0, 0, 0, 0, 0, 0, 0, 0, 0, 0, 0, 0, 0, 0, 1, ...
999    816   899  0.920164  [0, 0, 0, 0, 0, 0, 0, 0, 0, 0, 0, 0, 0, 0, 1, ...

[1000 rows x 4 columns]
    
---------------------------------------------------------------------------------
    
    [Statistics]
    
    Runtime             688737.0977 ms
    
    Convergence  
           
         weight value  squality
250     812   611  0.625384
500     816   899  0.920164
750     816   899  0.920164
1000    816   899  0.920164
    
    Plateau
    
    Longest sequence, 78-999 with improvement less average 3%
    
    Best Run
    
            index:      183 
            weight:     816
            value:      899 
            squality:   0.9201637666325486
            genotype:   0000000000...    
    
=================================================================================

    