
    
    Evaluation | 2020-04-24 18:58
    Configuration:  pso_default_16.json
                    
                    pso | #1000 | inertia=0.85 | n particles=100 | c1=0.5 | c2=0.3

=================================================================================
    
        weight value  squality                                           genotype
0      819   670  0.685773  [0, 0, 0, 1, 0, 0, 0, 0, 0, 0, 1, 0, 1, 1, 1, ...
1      812   617  0.631525  [0, 0, 0, 1, 0, 0, 0, 0, 0, 0, 1, 0, 1, 1, 1, ...
2      807   515  0.527124  [0, 0, 0, 1, 0, 0, 0, 0, 0, 0, 1, 0, 1, 1, 1, ...
3      818   523  0.535312  [0, 0, 0, 1, 0, 0, 0, 0, 0, 0, 1, 0, 1, 1, 1, ...
4      807   710  0.726714  [0, 0, 0, 1, 0, 0, 0, 0, 0, 1, 1, 0, 1, 1, 0, ...
..     ...   ...       ...                                                ...
995    818  1036  1.060389  [0, 0, 0, 0, 0, 0, 0, 1, 0, 1, 1, 0, 0, 0, 1, ...
996    812   590  0.603889  [0, 0, 0, 0, 0, 0, 0, 1, 0, 1, 1, 0, 0, 0, 1, ...
997    688   855  0.875128  [0, 0, 0, 0, 0, 0, 0, 1, 0, 1, 1, 0, 0, 0, 1, ...
998    816   519  0.531218  [0, 0, 0, 0, 0, 0, 0, 1, 0, 1, 1, 0, 0, 0, 1, ...
999    814   496  0.507677  [0, 0, 0, 0, 0, 0, 0, 1, 0, 1, 1, 0, 0, 0, 1, ...

[1000 rows x 4 columns]
    
---------------------------------------------------------------------------------
    
    [Statistics]
    
    Runtime             1851368.5657 ms
    
    Convergence  
           
         weight value  squality
250     792   523  0.535312
500     817   641  0.656090
750     796   516  0.528147
1000    814   496  0.507677
    
    Plateau
    
    Longest sequence, 185-604 with improvement less average 3%
    
    Best Run
    
            index:      634 
            weight:     818
            value:      1036 
            squality:   1.060388945752303
            genotype:   0000000101...    
    
=================================================================================

    