
    
    Evaluation | 2020-04-23 01:07
    Configuration:  ga_default_06.json
                    
                    GA | #10000 | RWS | 1PX (0.003) | ISM (0.7)

=================================================================================
    
         weight value  squality                                           genotype
0       817   660  0.661986  [1, 0, 0, 0, 0, 1, 0, 1, 1, 0, 0, 1, 0, 0, 1, ...
1       817   660  0.661986  [1, 0, 0, 0, 0, 1, 0, 1, 1, 0, 0, 1, 0, 0, 1, ...
2       817   660  0.661986  [1, 0, 0, 0, 0, 1, 0, 1, 1, 0, 0, 1, 0, 0, 1, ...
3       817   660  0.661986  [1, 0, 0, 0, 0, 1, 0, 1, 1, 0, 0, 1, 0, 0, 1, ...
4       817   660  0.661986  [1, 0, 0, 0, 0, 1, 0, 1, 1, 0, 0, 1, 0, 0, 1, ...
...     ...   ...       ...                                                ...
9995    790   696  0.698094  [1, 0, 0, 0, 0, 1, 0, 1, 1, 0, 0, 1, 0, 0, 1, ...
9996    790   696  0.698094  [1, 0, 0, 0, 0, 1, 0, 1, 1, 0, 0, 1, 0, 0, 1, ...
9997    790   696  0.698094  [1, 0, 0, 0, 0, 1, 0, 1, 1, 0, 0, 1, 0, 0, 1, ...
9998    790   696  0.698094  [1, 0, 0, 0, 0, 1, 0, 1, 1, 0, 0, 1, 0, 0, 1, ...
9999    790   696  0.698094  [1, 0, 0, 0, 0, 1, 0, 1, 1, 0, 0, 1, 0, 0, 1, ...

[10000 rows x 4 columns]
    
---------------------------------------------------------------------------------
    
    [Statistics]
    
    Runtime             1312668.9406 ms
    
    Convergence  
           
          weight value  squality
2500     799   679  0.681043
5000     790   696  0.698094
7500     790   696  0.698094
10000    790   696  0.698094
    
    Plateau
    
    Longest sequence, 1779-9999 with improvement less average 3%
    
    Best Run
    
            index:      2831 
            weight:     790
            value:      696 
            squality:   0.6980942828485457
            genotype:   1000010110...    
    
=================================================================================

    