
    
    Evaluation | 2020-04-22 15:44
    Configuration:  ga_default_18.json
                    
                    GA | #10000 | TS | 1PX (0.003) | EXM (0.7)

=================================================================================
    
         weight value  squality                                           genotype
0       805   679  0.681043  [0, 1, 0, 0, 1, 0, 0, 1, 0, 0, 0, 0, 0, 1, 1, ...
1       805   679  0.681043  [0, 1, 0, 0, 1, 0, 0, 1, 0, 0, 0, 0, 0, 1, 1, ...
2       765   692  0.694082  [0, 1, 0, 0, 0, 0, 0, 0, 0, 1, 0, 1, 1, 1, 1, ...
3       806   698  0.700100  [0, 1, 0, 0, 0, 0, 0, 0, 1, 1, 0, 1, 0, 0, 1, ...
4       817   730  0.732197  [0, 1, 0, 0, 0, 0, 0, 0, 0, 1, 0, 1, 1, 1, 1, ...
...     ...   ...       ...                                                ...
9995    821  1038  1.041123  [0, 0, 0, 0, 0, 0, 0, 1, 0, 1, 0, 0, 0, 0, 1, ...
9996    821  1038  1.041123  [0, 0, 0, 0, 0, 0, 0, 1, 0, 1, 0, 0, 0, 0, 1, ...
9997    821  1038  1.041123  [0, 0, 0, 0, 0, 0, 0, 1, 0, 1, 0, 0, 0, 0, 1, ...
9998    821  1038  1.041123  [0, 0, 0, 0, 0, 0, 0, 1, 0, 1, 0, 0, 0, 0, 1, ...
9999    821  1038  1.041123  [0, 0, 0, 0, 0, 0, 0, 1, 0, 1, 0, 0, 0, 0, 1, ...

[10000 rows x 4 columns]
    
---------------------------------------------------------------------------------
    
    [Statistics]
    
    Runtime             1020135.6778 ms
    
    Convergence  
           
          weight value  squality
2500     819   938  0.940822
5000     820   957  0.959880
7500     816   995  0.997994
10000    821  1038  1.041123
    
    Plateau
    
    Longest sequence, 3389-9999 with improvement less average 3%
    
    Best Run
    
            index:      9660 
            weight:     821
            value:      1038 
            squality:   1.041123370110331
            genotype:   0000000101...    
    
=================================================================================

    