
    
    Evaluation | 2020-04-22 15:07
    Configuration:  ga_default_22.json
                    
                    GA | #10000 | TS | 2PX (0.003) | BFM (0.6)

=================================================================================
    
         weight value  squality                                           genotype
0       821   672  0.674022  [1, 0, 0, 0, 0, 0, 1, 0, 1, 0, 0, 0, 0, 0, 1, ...
1       821   672  0.674022  [1, 0, 0, 0, 0, 0, 1, 0, 1, 0, 0, 0, 0, 0, 1, ...
2       821   672  0.674022  [1, 0, 0, 0, 0, 0, 1, 0, 1, 0, 0, 0, 0, 0, 1, ...
3       772   716  0.718154  [0, 1, 0, 0, 1, 0, 1, 0, 1, 1, 1, 0, 0, 0, 0, ...
4       772   716  0.718154  [0, 1, 0, 0, 1, 0, 1, 0, 1, 1, 1, 0, 0, 0, 0, ...
...     ...   ...       ...                                                ...
9995    821   778  0.780341  [0, 1, 0, 0, 1, 0, 1, 0, 1, 1, 1, 0, 0, 0, 0, ...
9996    821   778  0.780341  [0, 1, 0, 0, 1, 0, 1, 0, 1, 1, 1, 0, 0, 0, 0, ...
9997    821   778  0.780341  [0, 1, 0, 0, 1, 0, 1, 0, 1, 1, 1, 0, 0, 0, 0, ...
9998    821   778  0.780341  [0, 1, 0, 0, 1, 0, 1, 0, 1, 1, 1, 0, 0, 0, 0, ...
9999    821   778  0.780341  [0, 1, 0, 0, 1, 0, 1, 0, 1, 1, 1, 0, 0, 0, 0, ...

[10000 rows x 4 columns]
    
---------------------------------------------------------------------------------
    
    [Statistics]
    
    Runtime             990750.4488 ms
    
    Convergence  
           
          weight value  squality
2500     821   778  0.780341
5000     821   778  0.780341
7500     821   778  0.780341
10000    821   778  0.780341
    
    Plateau
    
    Longest sequence, 23-9999 with improvement less average 3%
    
    Best Run
    
            index:      28 
            weight:     821
            value:      778 
            squality:   0.7803410230692076
            genotype:   0100101011...    
    
=================================================================================

    