
    
    Evaluation | 2020-04-22 08:05
    Configuration:  ga_default_24.json
                    
                    GA | #10000 | TS | 2PX (0.003) | BFM (0.8)

=================================================================================
    
         weight value  squality                                           genotype
0       816   656  0.657974  [0, 0, 0, 0, 0, 1, 0, 0, 1, 0, 0, 0, 1, 0, 1, ...
1       816   656  0.657974  [0, 0, 0, 0, 0, 1, 0, 0, 1, 0, 0, 0, 1, 0, 1, ...
2       816   656  0.657974  [0, 0, 0, 0, 0, 1, 0, 0, 1, 0, 0, 0, 1, 0, 1, ...
3       795   678  0.680040  [0, 0, 0, 0, 0, 0, 0, 0, 0, 0, 0, 1, 0, 0, 0, ...
4       795   678  0.680040  [0, 0, 0, 0, 0, 0, 0, 0, 0, 0, 0, 1, 0, 0, 0, ...
...     ...   ...       ...                                                ...
9995    818   804  0.806419  [0, 0, 0, 0, 0, 1, 0, 0, 1, 0, 0, 0, 1, 0, 1, ...
9996    818   804  0.806419  [0, 0, 0, 0, 0, 1, 0, 0, 1, 0, 0, 0, 1, 0, 1, ...
9997    818   804  0.806419  [0, 0, 0, 0, 0, 1, 0, 0, 1, 0, 0, 0, 1, 0, 1, ...
9998    818   804  0.806419  [0, 0, 0, 0, 0, 1, 0, 0, 1, 0, 0, 0, 1, 0, 1, ...
9999    818   804  0.806419  [0, 0, 0, 0, 0, 1, 0, 0, 1, 0, 0, 0, 1, 0, 1, ...

[10000 rows x 4 columns]
    
---------------------------------------------------------------------------------
    
    [Statistics]
    
    Runtime             949780.227 ms
    
    Convergence  
           
          weight value  squality
2500     818   804  0.806419
5000     818   804  0.806419
7500     818   804  0.806419
10000    818   804  0.806419
    
    Plateau
    
    Longest sequence, 11-9999 with improvement less average 3%
    
    Best Run
    
            index:      35 
            weight:     818
            value:      804 
            squality:   0.8064192577733199
            genotype:   0000010010...    
    
=================================================================================

    