
    
    Evaluation | 2020-04-22 10:41
    Configuration:  ga_default_04.json
                    
                    GA | #10000 | RWS | 1PX (0.003) | EXM (0.7)

=================================================================================
    
         weight value  squality                                           genotype
0       811   663  0.664995  [0, 0, 0, 1, 0, 0, 0, 0, 0, 1, 0, 0, 1, 0, 1, ...
1       811   663  0.664995  [0, 0, 0, 1, 0, 0, 0, 0, 0, 1, 0, 0, 1, 0, 1, ...
2       811   663  0.664995  [0, 0, 0, 1, 0, 0, 0, 0, 0, 1, 0, 0, 1, 0, 1, ...
3       811   663  0.664995  [0, 0, 0, 1, 0, 0, 0, 0, 0, 1, 0, 0, 1, 0, 1, ...
4       811   663  0.664995  [0, 0, 0, 1, 0, 0, 0, 0, 0, 1, 0, 0, 1, 0, 1, ...
...     ...   ...       ...                                                ...
9995    814   908  0.910732  [0, 0, 0, 0, 0, 0, 0, 1, 0, 1, 0, 0, 0, 0, 1, ...
9996    814   908  0.910732  [0, 0, 0, 0, 0, 0, 0, 1, 0, 1, 0, 0, 0, 0, 1, ...
9997    814   908  0.910732  [0, 0, 0, 0, 0, 0, 0, 1, 0, 1, 0, 0, 0, 0, 1, ...
9998    814   908  0.910732  [0, 0, 0, 0, 0, 0, 0, 1, 0, 1, 0, 0, 0, 0, 1, ...
9999    814   908  0.910732  [0, 0, 0, 0, 0, 0, 0, 1, 0, 1, 0, 0, 0, 0, 1, ...

[10000 rows x 4 columns]
    
---------------------------------------------------------------------------------
    
    [Statistics]
    
    Runtime             1030366.0584 ms
    
    Convergence  
           
          weight value  squality
2500     818   813  0.815446
5000     808   867  0.869609
7500     820   905  0.907723
10000    814   908  0.910732
    
    Plateau
    
    Longest sequence, 493-9999 with improvement less average 3%
    
    Best Run
    
            index:      9465 
            weight:     814
            value:      908 
            squality:   0.9107321965897693
            genotype:   0000000101...    
    
=================================================================================

    