
    
    Evaluation | 2020-04-22 10:09
    Configuration:  ga_default_12.json
                    
                    GA | #10000 | RWS | 2PX (0.003) | IVM (0.7)

=================================================================================
    
         weight value  squality                                           genotype
0       787   640  0.641926  [0, 0, 0, 0, 0, 0, 1, 0, 0, 0, 0, 0, 0, 1, 0, ...
1       787   640  0.641926  [0, 0, 0, 0, 0, 0, 1, 0, 0, 0, 0, 0, 0, 1, 0, ...
2       787   640  0.641926  [0, 0, 0, 0, 0, 0, 1, 0, 0, 0, 0, 0, 0, 1, 0, ...
3       787   640  0.641926  [0, 0, 0, 0, 0, 0, 1, 0, 0, 0, 0, 0, 0, 1, 0, ...
4       787   640  0.641926  [0, 0, 0, 0, 0, 0, 1, 0, 0, 0, 0, 0, 0, 1, 0, ...
...     ...   ...       ...                                                ...
9995    759   809  0.811434  [0, 0, 0, 1, 0, 0, 0, 1, 0, 1, 1, 0, 0, 0, 0, ...
9996    759   809  0.811434  [0, 0, 0, 1, 0, 0, 0, 1, 0, 1, 1, 0, 0, 0, 0, ...
9997    759   809  0.811434  [0, 0, 0, 1, 0, 0, 0, 1, 0, 1, 1, 0, 0, 0, 0, ...
9998    759   809  0.811434  [0, 0, 0, 1, 0, 0, 0, 1, 0, 1, 1, 0, 0, 0, 0, ...
9999    759   809  0.811434  [0, 0, 0, 1, 0, 0, 0, 1, 0, 1, 1, 0, 0, 0, 0, ...

[10000 rows x 4 columns]
    
---------------------------------------------------------------------------------
    
    [Statistics]
    
    Runtime             1049567.1152 ms
    
    Convergence  
           
          weight value  squality
2500     751   773  0.775326
5000     804   780  0.782347
7500     744   790  0.792377
10000    759   809  0.811434
    
    Plateau
    
    Longest sequence, 1700-8089 with improvement less average 3%
    
    Best Run
    
            index:      9295 
            weight:     759
            value:      809 
            squality:   0.8114343029087262
            genotype:   0001000101...    
    
=================================================================================

    