
    
    Evaluation | 2020-04-23 02:33
    Configuration:  ga_default_11.json
                    
                    GA | #10000 | RWS | 2PX (0.003) | EXM (0.7)

=================================================================================
    
         weight value  squality                                           genotype
0       816   653  0.654965  [0, 0, 0, 0, 0, 0, 1, 0, 0, 1, 0, 0, 0, 0, 1, ...
1       816   653  0.654965  [0, 0, 0, 0, 0, 0, 1, 0, 0, 1, 0, 0, 0, 0, 1, ...
2       816   653  0.654965  [0, 0, 0, 0, 0, 0, 1, 0, 0, 1, 0, 0, 0, 0, 1, ...
3       816   653  0.654965  [0, 0, 0, 0, 0, 0, 1, 0, 0, 1, 0, 0, 0, 0, 1, ...
4       816   653  0.654965  [0, 0, 0, 0, 0, 0, 1, 0, 0, 1, 0, 0, 0, 0, 1, ...
...     ...   ...       ...                                                ...
9995    819   906  0.908726  [0, 0, 0, 0, 0, 0, 0, 1, 0, 1, 0, 0, 0, 0, 1, ...
9996    819   906  0.908726  [0, 0, 0, 0, 0, 0, 0, 1, 0, 1, 0, 0, 0, 0, 1, ...
9997    819   906  0.908726  [0, 0, 0, 0, 0, 0, 0, 1, 0, 1, 0, 0, 0, 0, 1, ...
9998    819   906  0.908726  [0, 0, 0, 0, 0, 0, 0, 1, 0, 1, 0, 0, 0, 0, 1, ...
9999    819   906  0.908726  [0, 0, 0, 0, 0, 0, 0, 1, 0, 1, 0, 0, 0, 0, 1, ...

[10000 rows x 4 columns]
    
---------------------------------------------------------------------------------
    
    [Statistics]
    
    Runtime             1312593.4554 ms
    
    Convergence  
           
          weight value  squality
2500     820   843  0.845537
5000     803   889  0.891675
7500     805   898  0.900702
10000    819   906  0.908726
    
    Plateau
    
    Longest sequence, 1006-9999 with improvement less average 3%
    
    Best Run
    
            index:      9354 
            weight:     819
            value:      906 
            squality:   0.9087261785356068
            genotype:   0000000101...    
    
=================================================================================

    