
    
    Evaluation | 2020-04-22 08:40
    Configuration:  ga_default_08.json
                    
                    GA | #10000 | RWS | 2PX (0.003) | BFM (0.6)

=================================================================================
    
         weight value  squality                                           genotype
0       818   662  0.663992  [0, 0, 1, 0, 0, 0, 0, 1, 0, 0, 0, 1, 0, 0, 1, ...
1       818   662  0.663992  [0, 0, 1, 0, 0, 0, 0, 1, 0, 0, 0, 1, 0, 0, 1, ...
2       818   662  0.663992  [0, 0, 1, 0, 0, 0, 0, 1, 0, 0, 0, 1, 0, 0, 1, ...
3       818   662  0.663992  [0, 0, 1, 0, 0, 0, 0, 1, 0, 0, 0, 1, 0, 0, 1, ...
4       818   662  0.663992  [0, 0, 1, 0, 0, 0, 0, 1, 0, 0, 0, 1, 0, 0, 1, ...
...     ...   ...       ...                                                ...
9995    818   662  0.663992  [0, 0, 1, 0, 0, 0, 0, 1, 0, 0, 0, 1, 0, 0, 1, ...
9996    818   662  0.663992  [0, 0, 1, 0, 0, 0, 0, 1, 0, 0, 0, 1, 0, 0, 1, ...
9997    818   662  0.663992  [0, 0, 1, 0, 0, 0, 0, 1, 0, 0, 0, 1, 0, 0, 1, ...
9998    818   662  0.663992  [0, 0, 1, 0, 0, 0, 0, 1, 0, 0, 0, 1, 0, 0, 1, ...
9999    818   662  0.663992  [0, 0, 1, 0, 0, 0, 0, 1, 0, 0, 0, 1, 0, 0, 1, ...

[10000 rows x 4 columns]
    
---------------------------------------------------------------------------------
    
    [Statistics]
    
    Runtime             1020972.6039 ms
    
    Convergence  
           
          weight value  squality
2500     818   662  0.663992
5000     818   662  0.663992
7500     818   662  0.663992
10000    818   662  0.663992
    
    Plateau
    
    Longest sequence, 1-9999 with improvement less average 3%
    
    Best Run
    
            index:      0 
            weight:     818
            value:      662 
            squality:   0.6639919759277834
            genotype:   0010000100...    
    
=================================================================================

    