
    
    Evaluation | 2020-04-22 21:16
    Configuration:  ga_default_20.json
                    
                    GA | #10000 | TS | 1PX (0.003) | ISM (0.7)

=================================================================================
    
         weight value  squality                                           genotype
0       806   658  0.659980  [0, 0, 0, 0, 1, 0, 1, 0, 0, 0, 1, 0, 0, 0, 0, ...
1       806   658  0.659980  [0, 0, 0, 0, 1, 0, 1, 0, 0, 0, 1, 0, 0, 0, 0, ...
2       806   658  0.659980  [0, 0, 0, 0, 1, 0, 1, 0, 0, 0, 1, 0, 0, 0, 0, ...
3       790   692  0.694082  [0, 0, 0, 0, 1, 0, 1, 0, 0, 0, 1, 0, 0, 0, 0, ...
4       790   692  0.694082  [0, 0, 0, 0, 1, 0, 1, 0, 0, 0, 1, 0, 0, 0, 0, ...
...     ...   ...       ...                                                ...
9995    819   843  0.845537  [0, 1, 0, 0, 0, 0, 0, 1, 1, 1, 0, 0, 1, 0, 0, ...
9996    819   843  0.845537  [0, 1, 0, 0, 0, 0, 0, 1, 1, 1, 0, 0, 1, 0, 0, ...
9997    819   843  0.845537  [0, 1, 0, 0, 0, 0, 0, 1, 1, 1, 0, 0, 1, 0, 0, ...
9998    819   843  0.845537  [0, 1, 0, 0, 0, 0, 0, 1, 1, 1, 0, 0, 1, 0, 0, ...
9999    819   843  0.845537  [0, 1, 0, 0, 0, 0, 0, 1, 1, 1, 0, 0, 1, 0, 0, ...

[10000 rows x 4 columns]
    
---------------------------------------------------------------------------------
    
    [Statistics]
    
    Runtime             1262120.205 ms
    
    Convergence  
           
          weight value  squality
2500     819   843  0.845537
5000     819   843  0.845537
7500     819   843  0.845537
10000    819   843  0.845537
    
    Plateau
    
    Longest sequence, 1134-9999 with improvement less average 3%
    
    Best Run
    
            index:      2156 
            weight:     819
            value:      843 
            squality:   0.8455366098294884
            genotype:   0100000111...    
    
=================================================================================

    