
    
    Evaluation | 2020-04-22 12:17
    Configuration:  ga_default_13.json
                    
                    GA | #10000 | RWS | 2PX (0.003) | ISM (0.7)

=================================================================================
    
         weight value  squality                                           genotype
0       818   648  0.649950  [0, 0, 0, 0, 0, 0, 1, 0, 0, 0, 1, 0, 1, 0, 0, ...
1       818   648  0.649950  [0, 0, 0, 0, 0, 0, 1, 0, 0, 0, 1, 0, 1, 0, 0, ...
2       818   648  0.649950  [0, 0, 0, 0, 0, 0, 1, 0, 0, 0, 1, 0, 1, 0, 0, ...
3       818   648  0.649950  [0, 0, 0, 0, 0, 0, 1, 0, 0, 0, 1, 0, 1, 0, 0, ...
4       818   648  0.649950  [0, 0, 0, 0, 0, 0, 1, 0, 0, 0, 1, 0, 1, 0, 0, ...
...     ...   ...       ...                                                ...
9995    813   724  0.726179  [0, 0, 0, 0, 0, 0, 1, 0, 0, 0, 1, 0, 1, 0, 0, ...
9996    813   724  0.726179  [0, 0, 0, 0, 0, 0, 1, 0, 0, 0, 1, 0, 1, 0, 0, ...
9997    813   724  0.726179  [0, 0, 0, 0, 0, 0, 1, 0, 0, 0, 1, 0, 1, 0, 0, ...
9998    813   724  0.726179  [0, 0, 0, 0, 0, 0, 1, 0, 0, 0, 1, 0, 1, 0, 0, ...
9999    813   724  0.726179  [0, 0, 0, 0, 0, 0, 1, 0, 0, 0, 1, 0, 1, 0, 0, ...

[10000 rows x 4 columns]
    
---------------------------------------------------------------------------------
    
    [Statistics]
    
    Runtime             1106233.2637 ms
    
    Convergence  
           
          weight value  squality
2500     814   667  0.669007
5000     814   667  0.669007
7500     805   710  0.712136
10000    813   724  0.726179
    
    Plateau
    
    Longest sequence, 185-6485 with improvement less average 3%
    
    Best Run
    
            index:      9308 
            weight:     813
            value:      724 
            squality:   0.7261785356068204
            genotype:   0000001000...    
    
=================================================================================

    