
    
    Evaluation | 2020-04-23 03:08
    Configuration:  ga_default_07.json
                    
                    GA | #10000 | RWS | 1PX (0.003) | DPM (0.7)

=================================================================================
    
         weight value  squality                                           genotype
0       805   636  0.637914  [0, 0, 0, 0, 0, 0, 1, 0, 0, 0, 1, 0, 0, 1, 0, ...
1       805   636  0.637914  [0, 0, 0, 0, 0, 0, 1, 0, 0, 0, 1, 0, 0, 1, 0, ...
2       805   636  0.637914  [0, 0, 0, 0, 0, 0, 1, 0, 0, 0, 1, 0, 0, 1, 0, ...
3       805   636  0.637914  [0, 0, 0, 0, 0, 0, 1, 0, 0, 0, 1, 0, 0, 1, 0, ...
4       805   636  0.637914  [0, 0, 0, 0, 0, 0, 1, 0, 0, 0, 1, 0, 0, 1, 0, ...
...     ...   ...       ...                                                ...
9995    730   795  0.797392  [0, 0, 0, 0, 0, 0, 0, 1, 0, 0, 0, 1, 0, 0, 0, ...
9996    730   795  0.797392  [0, 0, 0, 0, 0, 0, 0, 1, 0, 0, 0, 1, 0, 0, 0, ...
9997    730   795  0.797392  [0, 0, 0, 0, 0, 0, 0, 1, 0, 0, 0, 1, 0, 0, 0, ...
9998    730   795  0.797392  [0, 0, 0, 0, 0, 0, 0, 1, 0, 0, 0, 1, 0, 0, 0, ...
9999    730   795  0.797392  [0, 0, 0, 0, 0, 0, 0, 1, 0, 0, 0, 1, 0, 0, 0, ...

[10000 rows x 4 columns]
    
---------------------------------------------------------------------------------
    
    [Statistics]
    
    Runtime             1295830.9494 ms
    
    Convergence  
           
          weight value  squality
2500     766   754  0.756269
5000     822   NaN       NaN
7500     707   784  0.786359
10000    730   795  0.797392
    
    Plateau
    
    Longest sequence, 4793-9999 with improvement less average 3%
    
    Best Run
    
            index:      9602 
            weight:     730
            value:      795 
            squality:   0.7973921765295887
            genotype:   0000000100...    
    
=================================================================================

    