
    
    Evaluation | 2020-04-22 09:43
    Configuration:  ga_default_28.json
                    
                    GA | #10000 | TS | 2PX (0.003) | DPM (0.7)

=================================================================================
    
         weight value  squality                                           genotype
0       802   617  0.618857  [0, 1, 0, 0, 1, 0, 0, 0, 1, 0, 1, 1, 0, 0, 0, ...
1       817   651  0.652959  [0, 0, 0, 1, 0, 0, 0, 0, 0, 1, 0, 0, 0, 0, 0, ...
2       768   670  0.672016  [0, 0, 0, 1, 0, 0, 0, 0, 0, 1, 0, 0, 0, 0, 0, ...
3       780   701  0.703109  [0, 0, 0, 0, 0, 0, 1, 0, 0, 1, 0, 0, 0, 0, 0, ...
4       773   724  0.726179  [0, 0, 0, 1, 0, 0, 0, 0, 0, 1, 0, 0, 0, 0, 0, ...
...     ...   ...       ...                                                ...
9995    820   884  0.886660  [0, 1, 0, 0, 0, 0, 0, 0, 0, 1, 0, 0, 0, 0, 0, ...
9996    820   884  0.886660  [0, 1, 0, 0, 0, 0, 0, 0, 0, 1, 0, 0, 0, 0, 0, ...
9997    820   884  0.886660  [0, 1, 0, 0, 0, 0, 0, 0, 0, 1, 0, 0, 0, 0, 0, ...
9998    820   884  0.886660  [0, 1, 0, 0, 0, 0, 0, 0, 0, 1, 0, 0, 0, 0, 0, ...
9999    820   884  0.886660  [0, 1, 0, 0, 0, 0, 0, 0, 0, 1, 0, 0, 0, 0, 0, ...

[10000 rows x 4 columns]
    
---------------------------------------------------------------------------------
    
    [Statistics]
    
    Runtime             1004660.6603 ms
    
    Convergence  
           
          weight value  squality
2500     816   844  0.846540
5000     816   844  0.846540
7500     812   881  0.883651
10000    820   884  0.886660
    
    Plateau
    
    Longest sequence, 11-5194 with improvement less average 3%
    
    Best Run
    
            index:      9794 
            weight:     820
            value:      884 
            squality:   0.8866599799398195
            genotype:   0100000001...    
    
=================================================================================

    