
    
    Evaluation | 2020-04-22 21:54
    Configuration:  ga_default_21.json
                    
                    GA | #10000 | TS | 1PX (0.003) | DPM (0.7)

=================================================================================
    
         weight value  squality                                           genotype
0       822   NaN       NaN  [0, 0, 0, 0, 0, 1, 1, 0, 0, 1, 0, 0, 0, 0, 1, ...
1       822   NaN       NaN  [0, 0, 0, 0, 0, 1, 1, 0, 0, 1, 0, 0, 0, 0, 1, ...
2       822   NaN       NaN  [0, 0, 0, 0, 0, 1, 1, 0, 0, 1, 0, 0, 0, 0, 1, ...
3       822   NaN       NaN  [0, 0, 0, 0, 0, 1, 1, 0, 0, 1, 0, 0, 0, 0, 1, ...
4       822   NaN       NaN  [0, 0, 0, 0, 0, 1, 1, 0, 0, 1, 0, 0, 0, 0, 1, ...
...     ...   ...       ...                                                ...
9995    810   849  0.851555  [0, 0, 0, 0, 0, 1, 1, 0, 0, 1, 1, 0, 0, 1, 1, ...
9996    810   849  0.851555  [0, 0, 0, 0, 0, 1, 1, 0, 0, 1, 1, 0, 0, 1, 1, ...
9997    810   849  0.851555  [0, 0, 0, 0, 0, 1, 1, 0, 0, 1, 1, 0, 0, 1, 1, ...
9998    810   849  0.851555  [0, 0, 0, 0, 0, 1, 1, 0, 0, 1, 1, 0, 0, 1, 1, ...
9999    810   849  0.851555  [0, 0, 0, 0, 0, 1, 1, 0, 0, 1, 1, 0, 0, 1, 1, ...

[10000 rows x 4 columns]
    
---------------------------------------------------------------------------------
    
    [Statistics]
    
    Runtime             1075118.1945 ms
    
    Convergence  
           
          weight value  squality
2500     804   778  0.780341
5000     821   844  0.846540
7500     810   849  0.851555
10000    810   849  0.851555
    
    Plateau
    
    Longest sequence, 1-9999 with improvement less average 3%
    
    Best Run
    
            index:      0 
            weight:     822
            value:      nan 
            squality:   nan
            genotype:   0000011001...    
    
=================================================================================

    