
    
    Evaluation | 2020-04-22 23:15
    Configuration:  ga_default_01.json
                    
                    GA | #10000 | RWS | 1PX (0.003) | BFM (0.6)

=================================================================================
    
         weight value  squality                                           genotype
0       819   628   0.62989  [1, 0, 0, 0, 0, 0, 0, 0, 0, 1, 0, 1, 1, 1, 0, ...
1       819   628   0.62989  [1, 0, 0, 0, 0, 0, 0, 0, 0, 1, 0, 1, 1, 1, 0, ...
2       819   628   0.62989  [1, 0, 0, 0, 0, 0, 0, 0, 0, 1, 0, 1, 1, 1, 0, ...
3       819   628   0.62989  [1, 0, 0, 0, 0, 0, 0, 0, 0, 1, 0, 1, 1, 1, 0, ...
4       819   628   0.62989  [1, 0, 0, 0, 0, 0, 0, 0, 0, 1, 0, 1, 1, 1, 0, ...
...     ...   ...       ...                                                ...
9995    819   628   0.62989  [1, 0, 0, 0, 0, 0, 0, 0, 0, 1, 0, 1, 1, 1, 0, ...
9996    819   628   0.62989  [1, 0, 0, 0, 0, 0, 0, 0, 0, 1, 0, 1, 1, 1, 0, ...
9997    819   628   0.62989  [1, 0, 0, 0, 0, 0, 0, 0, 0, 1, 0, 1, 1, 1, 0, ...
9998    819   628   0.62989  [1, 0, 0, 0, 0, 0, 0, 0, 0, 1, 0, 1, 1, 1, 0, ...
9999    819   628   0.62989  [1, 0, 0, 0, 0, 0, 0, 0, 0, 1, 0, 1, 1, 1, 0, ...

[10000 rows x 4 columns]
    
---------------------------------------------------------------------------------
    
    [Statistics]
    
    Runtime             973004.3118 ms
    
    Convergence  
           
          weight value  squality
2500     819   628   0.62989
5000     819   628   0.62989
7500     819   628   0.62989
10000    819   628   0.62989
    
    Plateau
    
    Longest sequence, 1-9999 with improvement less average 3%
    
    Best Run
    
            index:      0 
            weight:     819
            value:      628 
            squality:   0.629889669007021
            genotype:   1000000001...    
    
=================================================================================

    