
    
    Evaluation | 2020-04-22 11:11
    Configuration:  ga_default_05.json
                    
                    GA | #10000 | RWS | 1PX (0.003) | IVM (0.7)

=================================================================================
    
         weight value  squality                                           genotype
0       792   648  0.649950  [0, 0, 0, 0, 1, 0, 0, 0, 0, 0, 0, 0, 0, 0, 1, ...
1       792   648  0.649950  [0, 0, 0, 0, 1, 0, 0, 0, 0, 0, 0, 0, 0, 0, 1, ...
2       792   648  0.649950  [0, 0, 0, 0, 1, 0, 0, 0, 0, 0, 0, 0, 0, 0, 1, ...
3       792   648  0.649950  [0, 0, 0, 0, 1, 0, 0, 0, 0, 0, 0, 0, 0, 0, 1, ...
4       792   648  0.649950  [0, 0, 0, 0, 1, 0, 0, 0, 0, 0, 0, 0, 0, 0, 1, ...
...     ...   ...       ...                                                ...
9995    812   832  0.834504  [0, 0, 0, 0, 0, 0, 0, 1, 0, 0, 0, 0, 0, 0, 0, ...
9996    812   832  0.834504  [0, 0, 0, 0, 0, 0, 0, 1, 0, 0, 0, 0, 0, 0, 0, ...
9997    812   832  0.834504  [0, 0, 0, 0, 0, 0, 0, 1, 0, 0, 0, 0, 0, 0, 0, ...
9998    812   832  0.834504  [0, 0, 0, 0, 0, 0, 0, 1, 0, 0, 0, 0, 0, 0, 0, ...
9999    812   832  0.834504  [0, 0, 0, 0, 0, 0, 0, 1, 0, 0, 0, 0, 0, 0, 0, ...

[10000 rows x 4 columns]
    
---------------------------------------------------------------------------------
    
    [Statistics]
    
    Runtime             905991.8668 ms
    
    Convergence  
           
          weight value  squality
2500     769   788  0.790371
5000     822   NaN       NaN
7500     822   NaN       NaN
10000    812   832  0.834504
    
    Plateau
    
    Longest sequence, 3982-9999 with improvement less average 3%
    
    Best Run
    
            index:      8482 
            weight:     812
            value:      832 
            squality:   0.8345035105315948
            genotype:   0000000100...    
    
=================================================================================

    