
    
    Evaluation | 2020-04-22 12:41
    Configuration:  ga_default_09.json
                    
                    GA | #10000 | RWS | 2PX (0.003) | BFM (0.7)

=================================================================================
    
         weight value  squality                                           genotype
0       808   649  0.650953  [0, 0, 0, 0, 0, 0, 0, 0, 1, 1, 0, 0, 0, 0, 0, ...
1       808   649  0.650953  [0, 0, 0, 0, 0, 0, 0, 0, 1, 1, 0, 0, 0, 0, 0, ...
2       808   649  0.650953  [0, 0, 0, 0, 0, 0, 0, 0, 1, 1, 0, 0, 0, 0, 0, ...
3       808   649  0.650953  [0, 0, 0, 0, 0, 0, 0, 0, 1, 1, 0, 0, 0, 0, 0, ...
4       808   649  0.650953  [0, 0, 0, 0, 0, 0, 0, 0, 1, 1, 0, 0, 0, 0, 0, ...
...     ...   ...       ...                                                ...
9995    822   NaN       NaN  [0, 0, 0, 0, 0, 0, 0, 0, 1, 1, 0, 0, 0, 0, 0, ...
9996    822   NaN       NaN  [0, 0, 0, 0, 0, 0, 0, 0, 1, 1, 0, 0, 0, 0, 0, ...
9997    822   NaN       NaN  [0, 0, 0, 0, 0, 0, 0, 0, 1, 1, 0, 0, 0, 0, 0, ...
9998    822   NaN       NaN  [0, 0, 0, 0, 0, 0, 0, 0, 1, 1, 0, 0, 0, 0, 0, ...
9999    822   NaN       NaN  [0, 0, 0, 0, 0, 0, 0, 0, 1, 1, 0, 0, 0, 0, 0, ...

[10000 rows x 4 columns]
    
---------------------------------------------------------------------------------
    
    [Statistics]
    
    Runtime             940277.7816 ms
    
    Convergence  
           
          weight value  squality
2500     822   NaN       NaN
5000     822   NaN       NaN
7500     822   NaN       NaN
10000    822   NaN       NaN
    
    Plateau
    
    Longest sequence, 1-9999 with improvement less average 3%
    
    Best Run
    
            index:      0 
            weight:     808
            value:      649 
            squality:   0.6509528585757272
            genotype:   0000000011...    
    
=================================================================================

    