
    
    Evaluation | 2020-04-23 03:40
    Configuration:  ga_default_27.json
                    
                    GA | #10000 | TS | 2PX (0.003) | ISM (0.7)

=================================================================================
    
         weight value  squality                                           genotype
0       813   727  0.729188  [0, 0, 0, 0, 0, 1, 0, 1, 0, 0, 1, 0, 1, 1, 0, ...
1       813   727  0.729188  [0, 0, 0, 0, 0, 1, 0, 1, 0, 0, 1, 0, 1, 1, 0, ...
2       813   727  0.729188  [0, 0, 0, 0, 0, 1, 0, 1, 0, 0, 1, 0, 1, 1, 0, ...
3       820   768  0.770311  [0, 0, 0, 0, 0, 1, 0, 1, 0, 0, 1, 0, 1, 1, 0, ...
4       820   768  0.770311  [0, 0, 0, 0, 0, 1, 0, 1, 0, 0, 1, 0, 1, 1, 0, ...
...     ...   ...       ...                                                ...
9995    814   808  0.810431  [0, 0, 0, 0, 0, 1, 0, 1, 0, 0, 1, 0, 1, 1, 1, ...
9996    814   808  0.810431  [0, 0, 0, 0, 0, 1, 0, 1, 0, 0, 1, 0, 1, 1, 1, ...
9997    814   808  0.810431  [0, 0, 0, 0, 0, 1, 0, 1, 0, 0, 1, 0, 1, 1, 1, ...
9998    814   808  0.810431  [0, 0, 0, 0, 0, 1, 0, 1, 0, 0, 1, 0, 1, 1, 1, ...
9999    814   808  0.810431  [0, 0, 0, 0, 0, 1, 0, 1, 0, 0, 1, 0, 1, 1, 1, ...

[10000 rows x 4 columns]
    
---------------------------------------------------------------------------------
    
    [Statistics]
    
    Runtime             1255784.3587 ms
    
    Convergence  
           
          weight value  squality
2500     818   773  0.775326
5000     818   773  0.775326
7500     814   808  0.810431
10000    814   808  0.810431
    
    Plateau
    
    Longest sequence, 3-5397 with improvement less average 3%
    
    Best Run
    
            index:      5399 
            weight:     814
            value:      808 
            squality:   0.8104312938816449
            genotype:   0000010100...    
    
=================================================================================

    