
    
    Evaluation | 2020-04-22 20:31
    Configuration:  ga_default_16.json
                    
                    GA | #10000 | TS | 1PX (0.003) | BFM (0.7)

=================================================================================
    
         weight value  squality                                           genotype
0       799   635  0.636911  [0, 0, 0, 0, 0, 1, 0, 0, 0, 0, 0, 0, 0, 0, 1, ...
1       809   646  0.647944  [0, 1, 0, 0, 0, 0, 0, 1, 0, 0, 0, 1, 0, 0, 0, ...
2       809   646  0.647944  [0, 1, 0, 0, 0, 0, 0, 1, 0, 0, 0, 1, 0, 0, 0, ...
3       813   679  0.681043  [0, 0, 0, 0, 0, 0, 0, 0, 1, 0, 1, 1, 0, 0, 1, ...
4       806   731  0.733200  [0, 0, 0, 0, 0, 0, 0, 0, 1, 0, 1, 1, 0, 1, 1, ...
...     ...   ...       ...                                                ...
9995    818   787  0.789368  [0, 0, 0, 0, 0, 0, 1, 1, 1, 0, 0, 0, 0, 1, 0, ...
9996    818   787  0.789368  [0, 0, 0, 0, 0, 0, 1, 1, 1, 0, 0, 0, 0, 1, 0, ...
9997    818   787  0.789368  [0, 0, 0, 0, 0, 0, 1, 1, 1, 0, 0, 0, 0, 1, 0, ...
9998    818   787  0.789368  [0, 0, 0, 0, 0, 0, 1, 1, 1, 0, 0, 0, 0, 1, 0, ...
9999    818   787  0.789368  [0, 0, 0, 0, 0, 0, 1, 1, 1, 0, 0, 0, 0, 1, 0, ...

[10000 rows x 4 columns]
    
---------------------------------------------------------------------------------
    
    [Statistics]
    
    Runtime             1230194.3194 ms
    
    Convergence  
           
          weight value  squality
2500     818   787  0.789368
5000     818   787  0.789368
7500     818   787  0.789368
10000    818   787  0.789368
    
    Plateau
    
    Longest sequence, 26-9999 with improvement less average 3%
    
    Best Run
    
            index:      29 
            weight:     818
            value:      787 
            squality:   0.7893681043129388
            genotype:   0000001110...    
    
=================================================================================

    