
    
    Evaluation | 2020-04-22 18:11
    Configuration:  ga_default_03.json
                    
                    GA | #10000 | RWS | 1PX (0.003) | BFM (0.8)

=================================================================================
    
         weight value  squality                                           genotype
0       805   634  0.635908  [0, 0, 0, 0, 0, 0, 0, 1, 0, 0, 1, 0, 0, 0, 0, ...
1       805   634  0.635908  [0, 0, 0, 0, 0, 0, 0, 1, 0, 0, 1, 0, 0, 0, 0, ...
2       805   634  0.635908  [0, 0, 0, 0, 0, 0, 0, 1, 0, 0, 1, 0, 0, 0, 0, ...
3       805   634  0.635908  [0, 0, 0, 0, 0, 0, 0, 1, 0, 0, 1, 0, 0, 0, 0, ...
4       805   634  0.635908  [0, 0, 0, 0, 0, 0, 0, 1, 0, 0, 1, 0, 0, 0, 0, ...
...     ...   ...       ...                                                ...
9995    821   644  0.645938  [0, 0, 0, 0, 0, 0, 0, 1, 0, 0, 1, 0, 0, 0, 0, ...
9996    821   644  0.645938  [0, 0, 0, 0, 0, 0, 0, 1, 0, 0, 1, 0, 0, 0, 0, ...
9997    821   644  0.645938  [0, 0, 0, 0, 0, 0, 0, 1, 0, 0, 1, 0, 0, 0, 0, ...
9998    821   644  0.645938  [0, 0, 0, 0, 0, 0, 0, 1, 0, 0, 1, 0, 0, 0, 0, ...
9999    821   644  0.645938  [0, 0, 0, 0, 0, 0, 0, 1, 0, 0, 1, 0, 0, 0, 0, ...

[10000 rows x 4 columns]
    
---------------------------------------------------------------------------------
    
    [Statistics]
    
    Runtime             962461.299 ms
    
    Convergence  
           
          weight value  squality
2500     821   644  0.645938
5000     821   644  0.645938
7500     821   644  0.645938
10000    821   644  0.645938
    
    Plateau
    
    Longest sequence, 1-9999 with improvement less average 3%
    
    Best Run
    
            index:      22 
            weight:     821
            value:      644 
            squality:   0.645937813440321
            genotype:   0000000100...    
    
=================================================================================

    