
    
    Evaluation | 2020-04-22 14:03
    Configuration:  ga_default_14.json
                    
                    GA | #10000 | RWS | 2PX (0.003) | DPM (0.7)

=================================================================================
    
         weight value  squality                                           genotype
0       822   NaN       NaN  [0, 0, 0, 0, 0, 0, 0, 0, 0, 0, 0, 0, 0, 0, 1, ...
1       822   NaN       NaN  [0, 0, 0, 0, 0, 0, 0, 0, 0, 0, 0, 0, 0, 0, 1, ...
2       822   NaN       NaN  [0, 0, 0, 0, 0, 0, 0, 0, 0, 0, 0, 0, 0, 0, 1, ...
3       822   NaN       NaN  [0, 0, 0, 0, 0, 0, 0, 0, 0, 0, 0, 0, 0, 0, 1, ...
4       822   NaN       NaN  [0, 0, 0, 0, 0, 0, 0, 0, 0, 0, 0, 0, 0, 0, 1, ...
...     ...   ...       ...                                                ...
9995    717   744  0.746239  [0, 0, 0, 0, 0, 0, 0, 0, 0, 1, 0, 0, 0, 0, 0, ...
9996    717   744  0.746239  [0, 0, 0, 0, 0, 0, 0, 0, 0, 1, 0, 0, 0, 0, 0, ...
9997    717   744  0.746239  [0, 0, 0, 0, 0, 0, 0, 0, 0, 1, 0, 0, 0, 0, 0, ...
9998    717   744  0.746239  [0, 0, 0, 0, 0, 0, 0, 0, 0, 1, 0, 0, 0, 0, 0, ...
9999    717   744  0.746239  [0, 0, 0, 0, 0, 0, 0, 0, 0, 1, 0, 0, 0, 0, 0, ...

[10000 rows x 4 columns]
    
---------------------------------------------------------------------------------
    
    [Statistics]
    
    Runtime             1037884.3891 ms
    
    Convergence  
           
          weight value  squality
2500     710   703  0.705115
5000     754   731  0.733200
7500     735   734  0.736209
10000    717   744  0.746239
    
    Plateau
    
    Longest sequence, 1-9999 with improvement less average 3%
    
    Best Run
    
            index:      0 
            weight:     822
            value:      nan 
            squality:   nan
            genotype:   0000000000...    
    
=================================================================================

    