
    
    Evaluation | 2020-04-22 16:38
    Configuration:  ga_default_23.json
                    
                    GA | #10000 | TS | 2PX (0.003) | BFM (0.7)

=================================================================================
    
         weight value  squality                                           genotype
0       806   627  0.628887  [1, 0, 0, 0, 0, 0, 0, 0, 1, 0, 0, 0, 0, 0, 1, ...
1       808   635  0.636911  [0, 1, 0, 0, 0, 0, 0, 1, 0, 0, 0, 1, 0, 1, 0, ...
2       797   638  0.639920  [1, 0, 0, 0, 0, 0, 0, 0, 1, 0, 0, 0, 0, 0, 1, ...
3       807   656  0.657974  [1, 0, 0, 0, 0, 0, 0, 0, 1, 0, 0, 0, 0, 0, 1, ...
4       815   688  0.690070  [1, 0, 0, 0, 0, 0, 0, 0, 1, 0, 0, 0, 0, 0, 1, ...
...     ...   ...       ...                                                ...
9995    820   891  0.893681  [0, 0, 0, 0, 0, 0, 0, 0, 0, 0, 1, 0, 0, 0, 0, ...
9996    820   891  0.893681  [0, 0, 0, 0, 0, 0, 0, 0, 0, 0, 1, 0, 0, 0, 0, ...
9997    820   891  0.893681  [0, 0, 0, 0, 0, 0, 0, 0, 0, 0, 1, 0, 0, 0, 0, ...
9998    820   891  0.893681  [0, 0, 0, 0, 0, 0, 0, 0, 0, 0, 1, 0, 0, 0, 0, ...
9999    820   891  0.893681  [0, 0, 0, 0, 0, 0, 0, 0, 0, 0, 1, 0, 0, 0, 0, ...

[10000 rows x 4 columns]
    
---------------------------------------------------------------------------------
    
    [Statistics]
    
    Runtime             932230.0067 ms
    
    Convergence  
           
          weight value  squality
2500     820   891  0.893681
5000     820   891  0.893681
7500     820   891  0.893681
10000    820   891  0.893681
    
    Plateau
    
    Longest sequence, 20-9999 with improvement less average 3%
    
    Best Run
    
            index:      24 
            weight:     820
            value:      891 
            squality:   0.8936810431293881
            genotype:   0000000000...    
    
=================================================================================

    