
    
    Evaluation | 2020-04-22 16:15
    Configuration:  ga_default_19.json
                    
                    GA | #10000 | TS | 1PX (0.003) | IVM (0.7)

=================================================================================
    
         weight value  squality                                           genotype
0       817   677  0.679037  [0, 0, 0, 1, 0, 0, 0, 1, 0, 0, 0, 1, 1, 0, 0, ...
1       817   677  0.679037  [0, 0, 0, 1, 0, 0, 0, 1, 0, 0, 0, 1, 1, 0, 0, ...
2       817   677  0.679037  [0, 0, 0, 1, 0, 0, 0, 1, 0, 0, 0, 1, 1, 0, 0, ...
3       817   677  0.679037  [0, 0, 0, 1, 0, 0, 0, 1, 0, 0, 0, 1, 1, 0, 0, ...
4       750   704  0.706118  [0, 1, 0, 0, 0, 0, 0, 1, 0, 1, 0, 0, 0, 1, 0, ...
...     ...   ...       ...                                                ...
9995    822   NaN       NaN  [0, 0, 0, 0, 0, 0, 0, 1, 0, 1, 1, 0, 0, 0, 0, ...
9996    822   NaN       NaN  [0, 0, 0, 0, 0, 0, 0, 1, 0, 1, 1, 0, 0, 0, 0, ...
9997    822   NaN       NaN  [0, 0, 0, 0, 0, 0, 0, 1, 0, 1, 1, 0, 0, 0, 0, ...
9998    822   NaN       NaN  [0, 0, 0, 0, 0, 0, 0, 1, 0, 1, 1, 0, 0, 0, 0, ...
9999    822   NaN       NaN  [0, 0, 0, 0, 0, 0, 0, 1, 0, 1, 1, 0, 0, 0, 0, ...

[10000 rows x 4 columns]
    
---------------------------------------------------------------------------------
    
    [Statistics]
    
    Runtime             961808.9704 ms
    
    Convergence  
           
          weight value  squality
2500     818   861  0.863591
5000     806   930  0.932798
7500     822   NaN       NaN
10000    822   NaN       NaN
    
    Plateau
    
    Longest sequence, 3012-9999 with improvement less average 3%
    
    Best Run
    
            index:      6609 
            weight:     813
            value:      971 
            squality:   0.9739217652958877
            genotype:   0000000101...    
    
=================================================================================

    