
    
    Evaluation | 2020-04-22 14:30
    Configuration:  ga_default_02.json
                    
                    GA | #10000 | RWS | 1PX (0.003) | BFM (0.7)

=================================================================================
    
         weight value  squality                                           genotype
0       814   666  0.668004  [0, 0, 0, 1, 0, 0, 0, 0, 0, 1, 1, 0, 0, 1, 0, ...
1       814   666  0.668004  [0, 0, 0, 1, 0, 0, 0, 0, 0, 1, 1, 0, 0, 1, 0, ...
2       814   666  0.668004  [0, 0, 0, 1, 0, 0, 0, 0, 0, 1, 1, 0, 0, 1, 0, ...
3       814   666  0.668004  [0, 0, 0, 1, 0, 0, 0, 0, 0, 1, 1, 0, 0, 1, 0, ...
4       814   666  0.668004  [0, 0, 0, 1, 0, 0, 0, 0, 0, 1, 1, 0, 0, 1, 0, ...
...     ...   ...       ...                                                ...
9995    821   686  0.688064  [0, 0, 0, 1, 0, 0, 0, 0, 0, 1, 1, 0, 0, 1, 0, ...
9996    821   686  0.688064  [0, 0, 0, 1, 0, 0, 0, 0, 0, 1, 1, 0, 0, 1, 0, ...
9997    821   686  0.688064  [0, 0, 0, 1, 0, 0, 0, 0, 0, 1, 1, 0, 0, 1, 0, ...
9998    821   686  0.688064  [0, 0, 0, 1, 0, 0, 0, 0, 0, 1, 1, 0, 0, 1, 0, ...
9999    821   686  0.688064  [0, 0, 0, 1, 0, 0, 0, 0, 0, 1, 1, 0, 0, 1, 0, ...

[10000 rows x 4 columns]
    
---------------------------------------------------------------------------------
    
    [Statistics]
    
    Runtime             1034548.1654 ms
    
    Convergence  
           
          weight value  squality
2500     821   686  0.688064
5000     821   686  0.688064
7500     821   686  0.688064
10000    821   686  0.688064
    
    Plateau
    
    Longest sequence, 25-9999 with improvement less average 3%
    
    Best Run
    
            index:      25 
            weight:     821
            value:      686 
            squality:   0.6880641925777332
            genotype:   0001000001...    
    
=================================================================================

    