
    
    Evaluation | 2020-04-23 01:47
    Configuration:  ga_default_10.json
                    
                    GA | #10000 | RWS | 2PX (0.003) | BFM (0.8)

=================================================================================
    
         weight value  squality                                           genotype
0       796   646  0.647944  [1, 0, 0, 0, 0, 0, 0, 1, 0, 1, 0, 0, 0, 0, 0, ...
1       796   646  0.647944  [1, 0, 0, 0, 0, 0, 0, 1, 0, 1, 0, 0, 0, 0, 0, ...
2       796   646  0.647944  [1, 0, 0, 0, 0, 0, 0, 1, 0, 1, 0, 0, 0, 0, 0, ...
3       796   646  0.647944  [1, 0, 0, 0, 0, 0, 0, 1, 0, 1, 0, 0, 0, 0, 0, ...
4       796   646  0.647944  [1, 0, 0, 0, 0, 0, 0, 1, 0, 1, 0, 0, 0, 0, 0, ...
...     ...   ...       ...                                                ...
9995    821   667  0.669007  [1, 0, 0, 0, 0, 0, 0, 1, 0, 1, 0, 0, 0, 0, 0, ...
9996    821   667  0.669007  [1, 0, 0, 0, 0, 0, 0, 1, 0, 1, 0, 0, 0, 0, 0, ...
9997    821   667  0.669007  [1, 0, 0, 0, 0, 0, 0, 1, 0, 1, 0, 0, 0, 0, 0, ...
9998    821   667  0.669007  [1, 0, 0, 0, 0, 0, 0, 1, 0, 1, 0, 0, 0, 0, 0, ...
9999    821   667  0.669007  [1, 0, 0, 0, 0, 0, 0, 1, 0, 1, 0, 0, 0, 0, 0, ...

[10000 rows x 4 columns]
    
---------------------------------------------------------------------------------
    
    [Statistics]
    
    Runtime             1327472.3782 ms
    
    Convergence  
           
          weight value  squality
2500     821   667  0.669007
5000     821   667  0.669007
7500     821   667  0.669007
10000    821   667  0.669007
    
    Plateau
    
    Longest sequence, 7-9999 with improvement less average 3%
    
    Best Run
    
            index:      7 
            weight:     821
            value:      667 
            squality:   0.6690070210631895
            genotype:   1000000101...    
    
=================================================================================

    