
    
    Evaluation | 2020-04-22 22:41
    Configuration:  ga_default_17.json
                    
                    GA | #10000 | TS | 1PX (0.003) | BFM (0.8)

=================================================================================
    
         weight value  squality                                           genotype
0       815   616  0.617854  [0, 0, 0, 0, 0, 0, 0, 0, 1, 0, 1, 0, 0, 0, 0, ...
1       815   616  0.617854  [0, 0, 0, 0, 0, 0, 0, 0, 1, 0, 1, 0, 0, 0, 0, ...
2       815   616  0.617854  [0, 0, 0, 0, 0, 0, 0, 0, 1, 0, 1, 0, 0, 0, 0, ...
3       815   626  0.627884  [0, 0, 0, 0, 0, 0, 0, 0, 1, 0, 1, 0, 0, 0, 0, ...
4       793   638  0.639920  [0, 0, 0, 0, 0, 0, 0, 1, 0, 1, 0, 0, 0, 0, 0, ...
...     ...   ...       ...                                                ...
9995    820   853  0.855567  [0, 0, 0, 0, 0, 0, 0, 1, 0, 1, 0, 0, 0, 0, 0, ...
9996    820   853  0.855567  [0, 0, 0, 0, 0, 0, 0, 1, 0, 1, 0, 0, 0, 0, 0, ...
9997    820   853  0.855567  [0, 0, 0, 0, 0, 0, 0, 1, 0, 1, 0, 0, 0, 0, 0, ...
9998    820   853  0.855567  [0, 0, 0, 0, 0, 0, 0, 1, 0, 1, 0, 0, 0, 0, 0, ...
9999    820   853  0.855567  [0, 0, 0, 0, 0, 0, 0, 1, 0, 1, 0, 0, 0, 0, 0, ...

[10000 rows x 4 columns]
    
---------------------------------------------------------------------------------
    
    [Statistics]
    
    Runtime             918444.6542 ms
    
    Convergence  
           
          weight value  squality
2500     820   853  0.855567
5000     820   853  0.855567
7500     820   853  0.855567
10000    820   853  0.855567
    
    Plateau
    
    Longest sequence, 73-9999 with improvement less average 3%
    
    Best Run
    
            index:      95 
            weight:     820
            value:      853 
            squality:   0.8555667001003009
            genotype:   0000000101...    
    
=================================================================================

    