
    
    Evaluation | 2020-04-22 19:19
    Configuration:  ga_default_15.json
                    
                    GA | #10000 | TS | 1PX (0.003) | BFM (0.6)

=================================================================================
    
         weight value  squality                                           genotype
0       813   622  0.623872  [0, 0, 0, 0, 0, 0, 1, 0, 0, 0, 0, 0, 0, 0, 0, ...
1       812   647  0.648947  [0, 0, 0, 0, 0, 0, 0, 0, 0, 0, 1, 0, 0, 0, 1, ...
2       812   647  0.648947  [0, 0, 0, 0, 0, 0, 0, 0, 0, 0, 1, 0, 0, 0, 1, ...
3       772   650  0.651956  [0, 0, 1, 0, 0, 0, 0, 0, 1, 1, 0, 0, 0, 0, 0, ...
4       815   665  0.667001  [0, 0, 0, 0, 0, 0, 0, 0, 0, 0, 1, 0, 0, 0, 1, ...
...     ...   ...       ...                                                ...
9995    818   774  0.776329  [0, 0, 0, 0, 0, 0, 0, 1, 0, 1, 0, 1, 0, 1, 1, ...
9996    818   774  0.776329  [0, 0, 0, 0, 0, 0, 0, 1, 0, 1, 0, 1, 0, 1, 1, ...
9997    818   774  0.776329  [0, 0, 0, 0, 0, 0, 0, 1, 0, 1, 0, 1, 0, 1, 1, ...
9998    818   774  0.776329  [0, 0, 0, 0, 0, 0, 0, 1, 0, 1, 0, 1, 0, 1, 1, ...
9999    818   774  0.776329  [0, 0, 0, 0, 0, 0, 0, 1, 0, 1, 0, 1, 0, 1, 1, ...

[10000 rows x 4 columns]
    
---------------------------------------------------------------------------------
    
    [Statistics]
    
    Runtime             894493.4703 ms
    
    Convergence  
           
          weight value  squality
2500     818   774  0.776329
5000     818   774  0.776329
7500     818   774  0.776329
10000    818   774  0.776329
    
    Plateau
    
    Longest sequence, 9-9999 with improvement less average 3%
    
    Best Run
    
            index:      11 
            weight:     818
            value:      774 
            squality:   0.7763289869608826
            genotype:   0000000101...    
    
=================================================================================

    