
    
    Evaluation | 2020-04-22 13:37
    Configuration:  ga_default_25.json
                    
                    GA | #10000 | TS | 2PX (0.003) | EXM (0.7)

=================================================================================
    
         weight value  squality                                           genotype
0       801   670  0.672016  [0, 0, 0, 0, 0, 0, 0, 0, 0, 1, 0, 0, 0, 0, 1, ...
1       801   670  0.672016  [0, 0, 0, 0, 0, 0, 0, 0, 0, 1, 0, 0, 0, 0, 1, ...
2       801   670  0.672016  [0, 0, 0, 0, 0, 0, 0, 0, 0, 1, 0, 0, 0, 0, 1, ...
3       804   714  0.716148  [0, 0, 0, 0, 0, 0, 0, 0, 0, 0, 0, 0, 0, 0, 0, ...
4       804   714  0.716148  [0, 0, 0, 0, 0, 0, 0, 0, 0, 0, 0, 0, 0, 0, 0, ...
...     ...   ...       ...                                                ...
9995    820  1046  1.049147  [0, 0, 0, 0, 0, 0, 0, 1, 0, 1, 0, 0, 0, 0, 0, ...
9996    820  1046  1.049147  [0, 0, 0, 0, 0, 0, 0, 1, 0, 1, 0, 0, 0, 0, 0, ...
9997    820  1046  1.049147  [0, 0, 0, 0, 0, 0, 0, 1, 0, 1, 0, 0, 0, 0, 0, ...
9998    820  1046  1.049147  [0, 0, 0, 0, 0, 0, 0, 1, 0, 1, 0, 0, 0, 0, 0, ...
9999    820  1046  1.049147  [0, 0, 0, 0, 0, 0, 0, 1, 0, 1, 0, 0, 0, 0, 0, ...

[10000 rows x 4 columns]
    
---------------------------------------------------------------------------------
    
    [Statistics]
    
    Runtime             890848.5028 ms
    
    Convergence  
           
          weight value  squality
2500     799   972  0.974925
5000     822   NaN       NaN
7500     819  1041  1.044132
10000    820  1046  1.049147
    
    Plateau
    
    Longest sequence, 30-9999 with improvement less average 3%
    
    Best Run
    
            index:      9395 
            weight:     820
            value:      1046 
            squality:   1.0491474423269809
            genotype:   0000000101...    
    
=================================================================================

    