
    
    Evaluation | 2020-04-23 00:32
    Configuration:  ga_default_26.json
                    
                    GA | #10000 | TS | 2PX (0.003) | IVM (0.7)

=================================================================================
    
         weight value  squality                                           genotype
0       802   701  0.703109  [1, 1, 1, 1, 0, 0, 0, 0, 0, 1, 1, 0, 0, 1, 0, ...
1       802   701  0.703109  [1, 1, 1, 1, 0, 0, 0, 0, 0, 1, 1, 0, 0, 1, 0, ...
2       802   701  0.703109  [1, 1, 1, 1, 0, 0, 0, 0, 0, 1, 1, 0, 0, 1, 0, ...
3       774   719  0.721163  [0, 0, 0, 0, 0, 0, 0, 1, 1, 1, 1, 0, 0, 0, 0, ...
4       789   728  0.730191  [0, 0, 0, 1, 1, 0, 1, 1, 0, 1, 0, 0, 0, 1, 0, ...
...     ...   ...       ...                                                ...
9995    819  1011  1.014042  [0, 0, 0, 0, 0, 0, 1, 1, 0, 1, 1, 0, 0, 0, 0, ...
9996    819  1011  1.014042  [0, 0, 0, 0, 0, 0, 1, 1, 0, 1, 1, 0, 0, 0, 0, ...
9997    819  1011  1.014042  [0, 0, 0, 0, 0, 0, 1, 1, 0, 1, 1, 0, 0, 0, 0, ...
9998    819  1011  1.014042  [0, 0, 0, 0, 0, 0, 1, 1, 0, 1, 1, 0, 0, 0, 0, ...
9999    819  1011  1.014042  [0, 0, 0, 0, 0, 0, 1, 1, 0, 1, 1, 0, 0, 0, 0, ...

[10000 rows x 4 columns]
    
---------------------------------------------------------------------------------
    
    [Statistics]
    
    Runtime             1267795.3302 ms
    
    Convergence  
           
          weight value  squality
2500     814   944  0.946841
5000     813   960  0.962889
7500     818  1001  1.004012
10000    819  1011  1.014042
    
    Plateau
    
    Longest sequence, 6-9999 with improvement less average 3%
    
    Best Run
    
            index:      9458 
            weight:     819
            value:      1011 
            squality:   1.0140421263791375
            genotype:   0000001101...    
    
=================================================================================

    