
    
    Evaluation | 2020-04-23 14:00
    Configuration:  sa_default_01.json
                    
                    sa | #39609 | Initial Temp:10000 | Cooling Rate:0.5

=================================================================================
    
          weight value  squality                                           genotype
0        802   555  0.568066  [0, 0, 0, 0, 0, 0, 0, 0, 0, 0, 0, 0, 0, 0, 1, ...
1        818   536  0.548618  [0, 0, 0, 0, 1, 0, 1, 1, 0, 1, 0, 0, 0, 0, 0, ...
2        791   543  0.555783  [0, 0, 0, 1, 0, 0, 0, 1, 0, 0, 0, 1, 0, 0, 0, ...
3        820   483  0.494371  [0, 0, 0, 0, 1, 0, 0, 0, 1, 1, 0, 0, 1, 0, 1, ...
4        809   519  0.531218  [0, 0, 1, 0, 0, 0, 0, 0, 0, 0, 0, 0, 0, 0, 0, ...
...      ...   ...       ...                                                ...
39604    804   545  0.557830  [0, 0, 0, 0, 1, 0, 0, 1, 0, 0, 0, 1, 0, 0, 0, ...
39605    806   491  0.502559  [1, 0, 1, 0, 0, 0, 0, 0, 1, 0, 1, 0, 0, 1, 0, ...
39606    811   522  0.534289  [0, 0, 1, 1, 0, 0, 0, 1, 0, 0, 1, 1, 0, 0, 0, ...
39607    803   559  0.572160  [1, 0, 0, 0, 1, 1, 0, 1, 0, 0, 0, 0, 0, 0, 0, ...
39608    790   552  0.564995  [0, 0, 0, 1, 0, 0, 0, 0, 0, 0, 0, 0, 1, 0, 0, ...

[39609 rows x 4 columns]
    
---------------------------------------------------------------------------------
    
    [Statistics]
    
    Runtime             914755.7757 ms
    
    Convergence  
           
          weight value  squality
9902     798   531  0.543501
19804    795   452  0.462641
29706    807   490  0.501535
39609    790   552  0.564995
    
    Plateau
    
    Longest sequence, 8857-39608 with improvement less average 3%
    
    Best Run
    
            index:      8857 
            weight:     810
            value:      826 
            squality:   0.8454452405322416
            genotype:   0000001001...    
    
=================================================================================

    